#size 	nnz 	Precision 	Start_index
2625	2625	17	0
#rank=0:  2625   2625  #  local_size   local_nnz
	0	6.3046717907221442e-015
	1	6.7272882389032775e-015
	2	8.0399888779762990e-015
	3	-1.7950716088533606e-014
	4	5.7927219539676521e-015
	5	1.7828383140343056e-014
	6	-1.9158988470759368e-014
	7	7.3602066095638597e-015
	8	-2.2736993176936343e-014
	9	-1.0185666481939528e-014
	10	1.2158633432682894e-014
	11	2.5367853901073168e-014
	12	-1.6374959309174513e-014
	13	2.6602648422645613e-014
	14	-1.3112389526340900e-015
	15	1.4706492020881358e-015
	16	1.3785034947233032e-014
	17	-2.4977437356433975e-014
	18	-2.0412874635985958e-015
	19	3.8345392909862076e-014
	20	1.8054963609725745e-014
	21	3.9552491223248992e-014
	22	-1.1907082435040259e-014
	23	3.5304868269920370e-014
	24	1.3467062939378921e-014
	25	1.1537392787628752e-014
	26	4.2594757880729488e-014
	27	9.5821047152952099e-015
	28	2.3717211124387909e-014
	29	6.3121118740209418e-014
	30	1.9875870358745072e-014
	31	-2.4166893317997969e-014
	32	6.6920572798907741e-015
	33	6.5750175177281100e-014
	34	4.5134222062850318e-015
	35	1.8013393985531582e-014
	36	4.9497790736973760e-014
	37	-1.2753023345067312e-014
	38	4.9918861764971597e-014
	39	2.1879675382196339e-014
	40	1.6412269204676934e-014
	41	5.1824550579755268e-014
	42	2.3268640994283996e-014
	43	3.7459539903659977e-014
	44	7.1565902016700587e-014
	45	5.5153206937975067e-014
	46	1.8757567018951257e-014
	47	3.8448702010814787e-014
	48	1.0271590143618874e-013
	49	3.7487881476835970e-015
	50	2.1923615707412653e-014
	51	-2.8893200579614220e-014
	52	1.2013554900026598e-014
	53	8.1062620698463673e-014
	54	3.3758019539204941e-015
	55	1.6440023086226668e-014
	56	4.8120247719631394e-014
	57	-1.7475697470614553e-014
	58	5.7921697183338568e-014
	59	2.0526442483709115e-014
	60	1.7834761936735702e-014
	61	6.7670473945068542e-014
	62	2.9041553880799980e-014
	63	4.0807651258467150e-014
	64	7.7441799429715059e-014
	65	6.2703476832328472e-014
	66	3.1690522910900220e-014
	67	4.6138586635664220e-014
	68	1.0877767874212870e-013
	69	-3.0422456732476710e-015
	70	6.0500076276467493e-014
	71	1.8996176067087469e-014
	72	4.7465785136039360e-014
	73	1.1960557467297078e-013
	74	3.8668751284426871e-015
	75	2.3308767839024663e-014
	76	-3.6829541847483273e-014
	77	1.4132593529556916e-014
	78	9.6858743949505962e-014
	79	-2.5276136537261389e-015
	80	1.4075671644952006e-014
	81	4.3297152171259441e-014
	82	-2.2041884800255403e-014
	83	5.1532048612632547e-014
	84	1.1174697235964138e-014
	85	1.5711512494666346e-014
	86	7.6144552671813629e-014
	87	2.3957213332989405e-014
	88	3.9212845826913987e-014
	89	7.8252821194733316e-014
	90	7.9544589436302112e-014
	91	3.7817953656886848e-014
	92	4.2303231521113366e-014
	93	1.1112097117665777e-013
	94	-8.0285784971438363e-015
	95	6.4708491510590192e-014
	96	3.0322860347850936e-014
	97	5.0437237501721818e-014
	98	1.1609883078915237e-013
	99	-5.7729020182766119e-015
	100	6.4496992893408693e-014
	101	1.3634966948850394e-014
	102	5.2298870472129014e-014
	103	1.3773294699906310e-013
	104	-4.3141687698113312e-015
	105	2.4464474415335008e-014
	106	-4.4875854673443773e-014
	107	1.3847286998416777e-014
	108	1.0996896532359515e-013
	109	-6.5561491494379271e-015
	110	1.1090405242791422e-014
	111	3.6448167257920876e-014
	112	-2.5702700211916287e-014
	113	4.1168510660006553e-014
	114	3.4085273327536972e-016
	115	1.2511117511595062e-014
	116	6.7235454579485505e-014
	117	9.2388527862799151e-015
	118	3.1989128840962805e-014
	119	7.4340592004767253e-014
	120	8.8992355262616674e-014
	121	3.3642572673422414e-014
	122	3.4476346152803370e-014
	123	1.0686417095662882e-013
	124	-1.3617975062562540e-014
	125	8.1513314704188761e-014
	126	3.7971372735417428e-014
	127	4.2512944607967981e-014
	128	1.1083922874134285e-013
	129	-1.2358869056798495e-014
	130	6.5132876648772912e-014
	131	2.2397771497236824e-014
	132	5.1410422972245739e-014
	133	1.2741114280645742e-013
	134	-1.8114187094606582e-014
	135	6.7897266964260663e-014
	136	7.4992755664807344e-015
	137	5.3475413699961673e-014
	138	1.5272249814881741e-013
	139	-9.2817639543648104e-015
	140	2.5419780619621510e-014
	141	-5.2593884210586344e-014
	142	1.3168572203276115e-014
	143	1.2101323861098026e-013
	144	-1.1605583386805696e-014
	145	7.6200972818469236e-015
	146	2.7995474736791474e-014
	147	-2.8244395788390528e-014
	148	2.8836501096366155e-014
	149	-1.0604078735278512e-014
	150	8.7268318012788133e-015
	151	5.3364076893913453e-014
	152	-7.0708237575744011e-015
	153	2.2812511645193004e-014
	154	6.6993510382479336e-014
	155	7.8504893227551374e-014
	156	1.8352351186252024e-014
	157	2.0827497780457776e-014
	158	9.6315470543950879e-014
	159	-1.9012994083728854e-014
	160	9.1448146306440299e-014
	161	3.6715404706395419e-014
	162	3.2523955014827667e-014
	163	9.9912024365649262e-014
	164	-1.9232198163665268e-014
	165	8.1660058711344421e-014
	166	3.1211814823170904e-014
	167	4.1364884151687114e-014
	168	1.1822833119521714e-013
	169	-2.6479359967846805e-014
	170	6.4938736745664144e-014
	171	1.3525063225997294e-014
	172	4.8550950620945145e-014
	173	1.3658435816968090e-013
	174	-2.5291690179755346e-014
	175	7.0743581596512158e-014
	176	1.2454709453308782e-015
	177	5.3813462153317144e-014
	178	1.6500887286026751e-013
	179	-1.5105058503772422e-014
	180	2.6169866410897819e-014
	181	-5.9889880428792407e-014
	182	1.2359129731188013e-014
	183	1.3092995349744171e-013
	184	-1.6964443630244908e-014
	185	3.8174972369033793e-015
	186	1.8319825515351206e-014
	187	-2.9549236491108622e-014
	188	1.5230918091789694e-014
	189	-2.1092344413272552e-014
	190	4.5586720298163366e-015
	191	3.6964964773766863e-014
	192	-2.3183026741841428e-014
	193	1.2587505370687656e-014
	194	5.6701239721930171e-014
	195	6.2291568635673256e-014
	196	9.4557505165057033e-016
	197	5.6797606751092033e-015
	198	8.1334643239370346e-014
	199	-2.3630894468865474e-014
	200	7.9495951532912730e-014
	201	2.3313287671367093e-014
	202	1.6649783237861860e-014
	203	8.3051231697846977e-014
	204	-2.5662205948988223e-014
	205	9.1958287290723219e-014
	206	3.2954001913828438e-014
	207	3.1477887918349978e-014
	208	1.0439253810617266e-013
	209	-3.4082590600252409e-014
	210	8.1046931593217553e-014
	211	2.3405327481462722e-014
	212	3.6621287398757501e-014
	213	1.2493347162097360e-013
	214	-3.3365940481656898e-014
	215	6.4213529360755799e-014
	216	4.4777772493315394e-015
	217	4.4878048529111834e-014
	218	1.4328560972398611e-013
	219	-3.2710160797629040e-014
	220	7.3018732441795784e-014
	221	-5.0227050740931839e-015
	222	5.3681514607753484e-014
	223	1.7577473167352881e-013
	224	-2.1211069145809234e-014
	225	2.6709099443581168e-014
	226	-6.6703031444646788e-014
	227	1.1447756161260276e-014
	228	1.3977649561812302e-013
	229	-2.2237392709975904e-014
	230	-1.4354582653823902e-016
	231	7.8556548716064195e-015
	232	-2.9541267181624380e-014
	233	9.6224510323239020e-016
	234	-3.0649860247640320e-014
	235	1.9538720752551759e-016
	236	1.8934747421673721e-014
	237	-3.8290536795426637e-014
	238	1.8085520524971907e-015
	239	4.3929250462140888e-014
	240	4.3137628589175027e-014
	241	-1.6621117325434592e-014
	242	-9.7655140667190175e-015
	243	6.2780488334301303e-014
	244	-2.7220749271853655e-014
	245	6.1524898656746458e-014
	246	7.4755102592173954e-015
	247	-5.3163972414953630e-016
	248	6.2368039162912471e-014
	249	-3.1015803735544821e-014
	250	7.8649705895724643e-014
	251	2.1918120607385016e-014
	252	1.5692167730341267e-014
	253	8.4594539831346877e-014
	254	-4.0504948831028711e-014
	255	9.1622979376166649e-014
	256	2.8148649206828243e-014
	257	2.7263122095040493e-014
	258	1.0977506997503191e-013
	259	-3.9856536798394749e-014
	260	7.9772224378008944e-014
	261	1.5343684609538878e-014
	262	3.1192901150213965e-014
	263	1.2951360612050353e-013
	264	-3.9843293332385309e-014
	265	6.2970091923723062e-014
	266	-4.6103503851955629e-015
	267	4.0808175722108870e-014
	268	1.4866428963489025e-013
	269	-4.0172349750525844e-014
	270	7.4705441629281600e-014
	271	-1.1250522845426347e-014
	272	5.3113361538894166e-014
	273	1.8510568374472633e-013
	274	-2.7194087639289405e-014
	275	2.7033400406997581e-014
	276	-7.2978511356572556e-014
	277	1.0443563873939465e-014
	278	1.4749456708339648e-013
	279	-2.7335235092037493e-014
	280	-4.0298899013944478e-015
	281	-2.8619714715931456e-015
	282	-2.8107452371917900e-014
	283	-1.3311403197534542e-014
	284	-3.8781698008435703e-014
	285	-4.1338515489668885e-015
	286	7.7056061452428249e-017
	287	-5.1715784920286679e-014
	288	-9.0419674971248774e-015
	289	2.9237979835079926e-014
	290	2.2079983098899759e-014
	291	-3.3473695270830456e-014
	292	-2.4791266495590754e-014
	293	4.1477462905929208e-014
	294	-2.9623395072673683e-014
	295	4.0626227874608246e-014
	296	-8.8117906261811877e-015
	297	-1.7731430146139829e-014
	298	3.8947743176373739e-014
	299	-3.5016705191634021e-014
	300	5.9130605887470053e-014
	301	8.4195173918759985e-015
	302	-1.3354656478195186e-015
	303	6.0957108625199432e-014
	304	-4.5179543593014564e-014
	305	7.7067814492345530e-014
	306	1.9621644943308315e-014
	307	1.2178480546031142e-014
	308	8.8622398670755771e-014
	309	-4.4805846235682902e-014
	310	9.0540477297626359e-014
	311	2.3052815385927499e-014
	312	2.2496045570661607e-014
	313	1.1347957056642541e-013
	314	-4.4570130201351831e-014
	315	7.7853900303173732e-014
	316	7.1531358833315869e-015
	317	2.5483609852202892e-014
	318	1.3292706337786283e-013
	319	-4.6181421918672374e-014
	320	6.1219764515695774e-014
	321	-1.3661180505019002e-014
	322	3.6406478576818107e-014
	323	1.5283118760153866e-013
	324	-4.7341317708181601e-014
	325	7.5790913431552711e-014
	326	-1.7387052875116424e-014
	327	5.2116520150369136e-014
	328	1.9294265464055970e-013
	329	-3.2961510413188466e-014
	330	2.7140414549553689e-014
	331	-7.8665988619810914e-014
	332	9.3550282808958080e-015
	333	1.5402395443862415e-013
	334	-3.2212678230674092e-014
	335	-7.3271048796225168e-015
	336	-1.2929301147464418e-014
	337	-2.4789286774893325e-014
	338	-2.6713640715940769e-014
	339	-4.4626294197176969e-014
	340	-7.9745392774166696e-015
	341	-1.8742743188111815e-014
	342	-6.2739379184947907e-014
	343	-1.9374372639828371e-014
	344	1.3310107385355809e-014
	345	4.8465904274030759e-017
	346	-4.8875059770725317e-014
	347	-3.8747486441474858e-014
	348	1.8343356795982554e-014
	349	-3.0745576084931702e-014
	350	1.7930758336548514e-014
	351	-2.4731233952064635e-014
	352	-3.4169955090991069e-014
	353	1.3812312450898951e-014
	354	-3.7495947083378403e-014
	355	3.6770023582532057e-014
	356	-5.5725391239314987e-015
	357	-1.8336829386146577e-014
	358	3.4654340969132836e-014
	359	-4.7879207134852368e-014
	360	5.6165054988896703e-014
	361	8.6569448446807935e-015
	362	-3.9643844173318728e-015
	363	6.3510776615084779e-014
	364	-4.7793605270518799e-014
	365	7.4856117365737241e-014
	366	1.7109417435344307e-014
	367	8.3075483042191983e-015
	368	9.1507691612414404e-014
	369	-4.7435977028169058e-014
	370	8.8727265796548107e-014
	371	1.7765128439117280e-014
	372	1.7525726709314603e-014
	373	1.1620079706104324e-013
	374	-4.8969334514562153e-014
	375	7.5308961054362463e-014
	376	-1.0955533457150377e-015
	377	1.9566414438293496e-014
	378	1.3526221251124798e-013
	379	-5.2157008333315099e-014
	380	5.8977644974606636e-014
	381	-2.2600792710203930e-014
	382	3.1711165188527820e-014
	383	1.5576525460914904e-013
	384	-5.4129978036915544e-014
	385	7.6267169935688252e-014
	386	-2.3382436375728495e-014
	387	5.0700033382059891e-014
	388	1.9922511184118397e-013
	389	-3.8463490425593447e-014
	390	2.7029498126209580e-014
	391	-8.3719892861799580e-014
	392	8.1912558333452345e-015
	393	1.5931334231027898e-013
	394	-3.6830095383514304e-014
	395	-8.7406372207091967e-015
	396	-2.0223422537903271e-014
	397	-1.8192758082552127e-014
	398	-3.7267306113076995e-014
	399	-4.5581048197492590e-014
	400	-9.9484019655017575e-015
	401	-3.6308159935342779e-014
	402	-6.9818006619755587e-014
	403	-2.7777915481396646e-014
	404	-2.7160035220743887e-015
	405	-2.1980468798825085e-014
	406	-6.2058707921172722e-014
	407	-5.0924755127384459e-014
	408	-5.5902229327789067e-015
	409	-3.0591633987757101e-014
	410	-5.5687379844233634e-015
	411	-3.9615060456003462e-014
	412	-4.9180267918758687e-014
	413	-1.2004498243255805e-014
	414	-3.8394079781335101e-014
	415	1.2778481442634167e-014
	416	-1.9343249944891112e-014
	417	-3.4557596672000260e-014
	418	6.8136868781396375e-015
	419	-4.8505938988624442e-014
	420	3.2534045393127808e-014
	421	-2.8132494820334004e-015
	422	-1.9955902580874134e-014
	423	3.5633167632196695e-014
	424	-4.8688734072007179e-014
	425	5.2738660128117523e-014
	426	8.7755949974790713e-015
	427	-6.7353168149805827e-015
	428	6.5509116336421103e-014
	429	-4.8198756137555565e-014
	430	7.2039774697862800e-014
	431	1.4452707213832991e-014
	432	4.3564592533279595e-015
	433	9.3644932656294346e-014
	434	-4.9588790143559075e-014
	435	8.6199727226242070e-014
	436	1.2332501040138425e-014
	437	1.2411807303101404e-014
	438	1.1798584638447388e-013
	439	-5.2961687727382553e-014
	440	7.2159201624242210e-014
	441	-9.3347914134039097e-015
	442	1.3491056018843369e-014
	443	1.3650681138372337e-013
	444	-5.7711135505601318e-014
	445	5.6262595542376536e-014
	446	-3.1356531660658403e-014
	447	2.6761169648502717e-014
	448	1.5744492432765377e-013
	449	-6.0482781469013789e-014
	450	7.6131074619021622e-014
	451	-2.9187988055403408e-014
	452	4.8876176427368226e-014
	453	2.0390430922163747e-013
	454	-4.3655453838204513e-014
	455	2.6701732798038898e-014
	456	-8.8099779106340110e-014
	457	6.9619416704020179e-015
	458	1.6332134805668993e-013
	459	-4.1150243782416777e-014
	460	-2.3366675246463704e-014
	461	-9.6480289416914504e-015
	462	-3.9719252403767356e-014
	463	-3.5417958588197969e-014
	464	-7.6883963012411164e-015
	465	-4.9395999397553765e-014
	466	-6.7296809284973302e-014
	467	-2.9145972529873541e-014
	468	-1.5233341855392323e-014
	469	-4.2665096890240294e-014
	470	-7.1158037356685973e-014
	471	-5.9268670280957856e-014
	472	-2.8374711088355953e-014
	473	-2.9265394268176048e-014
	474	-2.8875066136634348e-014
	475	-5.2836848762639861e-014
	476	-6.2190845196066207e-014
	477	-3.7576302607900044e-014
	478	-3.7898674139166821e-014
	479	-1.1803287894967762e-014
	480	-3.2348902715832288e-014
	481	-4.9394176344675453e-014
	482	-2.1487276083675189e-014
	483	-4.7150026434351650e-014
	484	7.4546865279731823e-015
	485	-1.4187357367819658e-014
	486	-3.5103095991908125e-014
	487	6.1638115774345967e-015
	488	-4.7489134063081659e-014
	489	2.8028462074932999e-014
	490	-6.9505581526182595e-017
	491	-2.1495211061098944e-014
	492	3.6668317911922944e-014
	493	-4.6847750921602251e-014
	494	4.8885592512991077e-014
	495	8.8166824713604757e-015
	496	-9.4556895392091146e-015
	497	6.7027801345166560e-014
	498	-4.7984591797776196e-014
	499	6.8643194961209965e-014
	500	1.1676335554787353e-014
	501	3.6806200301734834e-016
	502	9.5035147961633258e-014
	503	-5.1308364541153358e-014
	504	8.2979663827557241e-014
	505	6.7998447937788863e-015
	506	7.1965310268835672e-015
	507	1.1881995341534460e-013
	508	-5.6523851117500860e-014
	509	6.8431085217823699e-014
	510	-1.7497175422881322e-014
	511	7.3075447218779082e-015
	512	1.3665209305504886e-013
	513	-6.2800966650047776e-014
	514	5.3097290653714054e-014
	515	-3.9857229337574086e-014
	516	2.1597312729189730e-014
	517	1.5785851658008816e-013
	518	-6.6348659964569900e-014
	519	7.5384261795321360e-014
	520	-3.4756667818412590e-014
	521	4.6660465695642902e-014
	522	2.0694436621216926e-013
	523	-4.8495411110243899e-014
	524	2.6159890903878005e-014
	525	-9.1770614070734065e-014
	526	5.6772806806193107e-015
	527	1.6601682881748530e-013
	528	-4.5138334937204830e-014
	529	-3.5804622240426676e-014
	530	-1.8626954688732089e-014
	531	-4.7046523349241029e-015
	532	-4.9154743448093494e-014
	533	-4.5033486532856598e-014
	534	-1.8650851186273548e-014
	535	-1.5558927344273246e-014
	536	-5.7978163481189203e-014
	537	-6.7487409423278292e-014
	538	-5.3497464879758307e-014
	539	-4.1353443702193687e-014
	540	-2.5931025142628735e-014
	541	-5.0696239832067413e-014
	542	-6.2695873848459819e-014
	543	-7.1292263195002283e-014
	544	-6.1138865475845670e-014
	545	-3.6478006657230267e-014
	546	-3.5975531341287776e-014
	547	-4.4177842832184513e-014
	548	-6.2535192496996796e-014
	549	-4.9590482359089883e-014
	550	-4.4454658328938270e-014
	551	-1.7993368920644894e-014
	552	-2.5056167231626360e-014
	553	-4.8903824347113280e-014
	554	-2.3830768492599095e-014
	555	-4.4454383466746886e-014
	556	2.0645891957802742e-015
	557	-8.9428707368996993e-015
	558	-3.5350349129250987e-014
	559	6.1796531203768321e-015
	560	-4.3496837601468726e-014
	561	2.3295181389207388e-014
	562	2.6680136533418395e-015
	563	-2.2855495918271467e-014
	564	3.7513015284813568e-014
	565	-4.4272632748518334e-014
	566	4.4638453501348766e-014
	567	8.7821501743657875e-015
	568	-1.2101925035673665e-014
	569	6.8021003647215464e-014
	570	-4.7330157837343289e-014
	571	6.4695247853998749e-014
	572	8.8037632339334817e-015
	573	-3.6256252382934948e-015
	574	9.5659709899509099e-014
	575	-5.2608938103641421e-014
	576	7.9094382704429754e-014
	577	1.2129975978736651e-015
	578	1.9228899131681837e-015
	579	1.1869680006431855e-013
	580	-5.9631795842511126e-014
	581	6.4155592803283542e-014
	582	-2.5516198920495125e-014
	583	1.0666771818110329e-015
	584	1.3569870804249044e-013
	585	-6.7385982675073142e-014
	586	4.9507695369520422e-014
	587	-4.8034117515724054e-014
	588	1.6262132868886385e-014
	589	1.5700440101760745e-013
	590	-7.1680284287106624e-014
	591	7.4033189300246306e-014
	592	-4.0043514397618104e-014
	593	4.4071462131117111e-014
	594	2.0832238344645203e-013
	595	-5.2944269553613452e-014
	596	2.5408382944283256e-014
	597	-9.4703067545116870e-014
	598	4.3478726342990534e-015
	599	1.6737901534479840e-013
	600	-4.8762310344890782e-014
	601	-4.2399976309828269e-014
	602	-1.7289550121994159e-014
	603	-8.9843437932877503e-015
	604	-8.0848957590430842e-015
	605	-5.5779053308545812e-014
	606	-3.6880494862332175e-014
	607	-2.8459491970291040e-014
	608	-3.1611307892545231e-014
	609	-1.6046909589691790e-014
	610	-6.6600895026020720e-014
	611	-5.8477895180779203e-014
	612	-6.1774896086555460e-014
	613	-6.8513992919672349e-014
	614	-3.0526803885919270e-014
	615	-5.8526212703031467e-014
	616	-5.3462100600785056e-014
	617	-7.2629662216699497e-014
	618	-7.6591889914203493e-014
	619	-4.1950071795278832e-014
	620	-4.2816538786147343e-014
	621	-3.5233964688749254e-014
	622	-6.1355809327015315e-014
	623	-5.4057979486169709e-014
	624	-4.0795529253996252e-014
	625	-2.4043193197119806e-014
	626	-1.7573626474916957e-014
	627	-4.7908177182274372e-014
	628	-2.4927845037495702e-014
	629	-3.8595897980633529e-014
	630	-3.3441369905070878e-015
	631	-3.6327997989472267e-015
	632	-3.5297556141032133e-014
	633	6.3029654070528330e-015
	634	-3.8687301517729977e-014
	635	1.8373564566769124e-014
	636	5.3783954429547448e-015
	637	-2.4033302698931265e-014
	638	3.8076554728566211e-014
	639	-4.1269471663616259e-014
	640	4.0032825479115217e-014
	641	8.6733533072789803e-015
	642	-1.4653798312991186e-014
	643	6.8466582007538778e-014
	644	-4.6286928871977961e-014
	645	6.0229049492620323e-014
	646	5.8593456894146353e-015
	647	-7.5914901598083784e-015
	648	9.5513030680291265e-014
	649	-5.3487427525216141e-014
	650	7.4576246884327782e-014
	651	-4.3820129183956414e-015
	652	-3.3653972875740787e-015
	653	1.1761902646855275e-013
	654	-6.2261406239130313e-014
	655	5.9367775894694339e-014
	656	-3.3326595347489407e-014
	657	-5.1802030458316395e-015
	658	1.3365604924364345e-013
	659	-7.1429178405277771e-014
	660	4.5523047298791688e-014
	661	-5.5821055086933136e-014
	662	1.0799290219516580e-014
	663	1.5489102567657886e-013
	664	-7.6434595516750286e-014
	665	7.2088891270662446e-014
	666	-4.5005922180978794e-014
	667	4.1130578613762152e-014
	668	2.0802854558736809e-013
	669	-5.6966078548932857e-014
	670	2.4453266051860465e-014
	671	-9.6873700433772105e-014
	672	2.9845917404180966e-015
	673	1.6739765345776978e-013
	674	-5.1993079505934132e-014
	675	-4.7581773844764625e-014
	676	-5.9443364046031988e-015
	677	-1.1945388441288651e-014
	678	-1.8840751310333231e-014
	679	-7.3825750556349512e-015
	680	-6.1711013615935852e-014
	681	-2.2327554583491719e-014
	682	-2.7856985187216033e-014
	683	-4.5343516025701925e-014
	684	-1.3627436526462489e-014
	685	-7.4705170510169540e-014
	686	-4.7904077234247583e-014
	687	-6.1435836300061301e-014
	688	-8.3187439379988805e-014
	689	-3.1789631013299721e-014
	690	-6.5894416927097303e-014
	691	-4.3714105472991826e-014
	692	-7.1800014898998463e-014
	693	-8.4850748854757401e-014
	694	-3.9625798776694691e-014
	695	-4.9315608262859321e-014
	696	-2.6004092495681388e-014
	697	-5.9480902110026196e-014
	698	-5.6758357240894494e-014
	699	-3.3985292666755137e-014
	700	-2.9901256946537204e-014
	701	-9.9552804619230712e-015
	702	-4.6502587569467156e-014
	703	-2.5621373458745731e-014
	704	-3.1871807396985255e-014
	705	-8.7268397210368587e-015
	706	1.7000714468415514e-015
	707	-3.4961644578361789e-014
	708	6.4020946630918321e-015
	709	-3.3480230001955210e-014
	710	1.3304633613416108e-014
	711	8.0406034447477135e-015
	712	-2.5021401739906773e-014
	713	3.8334029508602329e-014
	714	-3.7924797005837058e-014
	715	3.5107167296103996e-014
	716	8.4924311536544451e-015
	717	-1.7090013149812446e-014
	718	6.8359417673437020e-014
	719	-4.4872967614582616e-014
	720	5.5281713095561707e-014
	721	2.8682808707781624e-015
	722	-1.1496365199985377e-014
	723	9.4597745481961213e-014
	724	-5.3937844706456904e-014
	725	6.9462536328204455e-014
	726	-9.9389785868248860e-015
	727	-8.6245484224356810e-015
	728	1.1559715779491775e-013
	729	-6.4391277361264829e-014
	730	5.4106582708601451e-014
	731	-4.0864999693738932e-014
	732	-1.1382047548109612e-014
	733	1.3054219213992340e-013
	734	-7.4897675409781039e-014
	735	4.1175461453715152e-014
	736	-6.3155485223446004e-014
	737	5.2532058025381347e-015
	738	1.5153649637834085e-013
	739	-8.0573121417036597e-014
	740	6.9567067099230679e-014
	741	-4.9604104385299499e-014
	742	3.7861774010978733e-014
	743	2.0606611392150163e-013
	744	-6.0528410286849431e-014
	745	2.3302138112146504e-014
	746	-9.8265188371829577e-014
	747	1.5985121077288431e-015
	748	1.6607298710188826e-013
	749	-5.4804774881158681e-014
	750	-5.2165966977281734e-014
	751	8.1509057248368814e-015
	752	-1.1716682345749938e-014
	753	-2.9633523892656950e-014
	754	-8.0578333210761053e-015
	755	-6.7082453657928255e-014
	756	-6.4708647477590958e-015
	757	-2.2565959375683123e-014
	758	-5.2289499440088175e-014
	759	-8.6112696139772514e-015
	760	-8.2201057956961912e-014
	761	-3.6761046512069500e-014
	762	-5.8914138840725655e-014
	763	-9.2561166852998759e-014
	764	-2.8338006058072811e-014
	765	-7.2732864646457096e-014
	766	-3.3598368325011230e-014
	767	-7.0120928366712460e-014
	768	-9.0981806958838049e-014
	769	-3.4627692194831691e-014
	770	-5.5419186500549082e-014
	771	-1.6569551170913516e-014
	772	-5.7095067093799502e-014
	773	-5.8763423328006234e-014
	774	-2.6298486669872490e-014
	775	-3.5519702670238218e-014
	776	-2.2637899594091752e-015
	777	-4.4723131664404998e-014
	778	-2.6077413365695105e-014
	779	-2.4794361984555036e-014
	780	-1.4039110915806862e-014
	781	7.0133264602957879e-015
	782	-3.4348516984283223e-014
	783	6.4507382022750195e-015
	784	-2.7993289271286965e-014
	785	8.1303529211142869e-015
	786	1.0634417774240073e-014
	787	-2.5811211540666788e-014
	788	3.8280985546538304e-014
	789	-3.4277152585929064e-014
	790	2.9902357263511541e-014
	791	8.2422449842330713e-015
	792	-1.9389816471559676e-014
	793	6.7701578732317524e-014
	794	-4.3101105396698293e-014
	795	4.9894092739799788e-014
	796	-1.4415922763112298e-016
	797	-1.5307552037397730e-014
	798	9.2923035175649220e-014
	799	-5.3956416327341928e-014
	800	6.3794920535522274e-014
	801	-1.5412301320740475e-014
	802	-1.3811287150288117e-014
	803	1.1264909920263774e-013
	804	-6.6003901461411402e-014
	805	4.8414402879780086e-014
	806	-4.8070553388179170e-014
	807	-1.7488324561840859e-014
	808	1.2638340402972729e-013
	809	-7.7763312807702057e-014
	810	3.6499768167892938e-014
	811	-6.9978521025058403e-014
	812	-3.3119842530837660e-016
	813	1.4696861071940635e-013
	814	-8.4062437220833956e-014
	815	6.6487796032714221e-014
	816	-5.3801300950379659e-014
	817	3.4291513479986460e-014
	818	2.0245136437247497e-013
	819	-6.3602596937263351e-014
	820	2.1964147928004666e-014
	821	-9.8866371700209212e-014
	822	2.0081880629978580e-016
	823	1.6341578037184753e-013
	824	-5.7174941627132717e-014
	825	-5.6291523956112635e-014
	826	2.2692863078021749e-014
	827	-1.0166333801951396e-014
	828	-3.8919041473527518e-014
	829	-6.8005302249402912e-015
	830	-7.1902483971663683e-014
	831	9.6111952733212643e-015
	832	-1.6017276916462472e-014
	833	-5.6691868903664313e-014
	834	-2.2015142276044690e-015
	835	-8.9034295641198845e-014
	836	-2.5298743310169290e-014
	837	-5.5639143431435886e-014
	838	-1.0004269463493918e-013
	839	-2.3277202309212285e-014
	840	-7.8986901140859832e-014
	841	-2.3215573389916707e-014
	842	-6.7839514507381820e-014
	843	-9.6129306393322906e-014
	844	-2.8815486153736585e-014
	845	-6.1077728065567943e-014
	846	-7.0087087593466777e-015
	847	-5.4249417463081073e-014
	848	-6.0260830925080727e-014
	849	-1.8298384149865923e-014
	850	-4.0852356670226824e-014
	851	5.4392206389044189e-015
	852	-4.2588115168029648e-014
	853	-2.6321995557070248e-014
	854	-1.7506267313197434e-014
	855	-1.9237149325351810e-014
	856	1.2265332345877617e-014
	857	-3.3462784755399686e-014
	858	6.4452605692769183e-015
	859	-2.2283608521643994e-014
	860	2.8934884049070098e-015
	861	1.3140578938114770e-014
	862	-2.6395294934631238e-014
	863	3.7918813373002267e-014
	864	-3.0357530810036721e-014
	865	2.4461065561490052e-014
	866	7.9264034840666834e-015
	867	-2.1533191108901759e-014
	868	6.6500169200604989e-014
	869	-4.0985387665716804e-014
	870	4.4110062949199771e-014
	871	-3.1524546022387965e-015
	872	-1.8993006570636582e-014
	873	9.0504082732144788e-014
	874	-5.3542518336347324e-014
	875	5.7619122260072072e-014
	876	-2.0757464581604695e-014
	877	-1.8882867497662017e-014
	878	1.0880000920381373e-013
	879	-6.7085778951973167e-014
	880	4.2336798649274096e-014
	881	-5.4885294672090769e-014
	882	-2.3449524232794861e-014
	883	1.2121398903752108e-013
	884	-8.0002594328600464e-014
	885	3.1533155430637880e-014
	886	-7.6235718343907849e-014
	887	-5.9090483525452530e-015
	888	1.4122441443595274e-013
	889	-8.6874355365723632e-014
	890	6.2875466771430665e-014
	891	-5.7564116561635214e-014
	892	3.0448347427920791e-014
	893	1.9721330845602679e-013
	894	-6.6163935631300894e-014
	895	2.0449861388419002e-014
	896	-9.8672457059462496e-014
	897	-1.1973395162173141e-015
	898	1.5944714556385790e-013
	899	-5.9084675662539419e-014
	900	-5.9958364313127338e-014
	901	3.7125213520798964e-014
	902	-8.2342283558582870e-015
	903	-4.7386722909319168e-014
	904	-5.1748027368579306e-015
	905	-7.6142853749596334e-014
	906	2.5634246272212746e-014
	907	-9.1605016104428888e-015
	908	-6.0107669108606512e-014
	909	4.6745478310666194e-015
	910	-9.5151529913471178e-014
	911	-1.3635412472046564e-014
	912	-5.1879963225088057e-014
	913	-1.0651632668370575e-013
	914	-1.7715501815344665e-014
	915	-8.4606172152962073e-014
	916	-1.2652737064206346e-014
	917	-6.5011000203947342e-014
	918	-1.0046719297705873e-013
	919	-2.2681351900268563e-014
	920	-6.6245182023228866e-014
	921	2.6013309996947043e-015
	922	-5.0971543158210374e-014
	923	-6.1270998219112513e-014
	924	-1.0139696309826142e-014
	925	-4.5855512881356222e-014
	926	1.3092693866517496e-014
	927	-4.0114696517506807e-014
	928	-2.6356968163975371e-014
	929	-1.0080079166383069e-014
	930	-2.4278078519013650e-014
	931	1.7415318894970475e-014
	932	-3.2310464290099933e-014
	933	6.3863531708742215e-015
	934	-1.6398995774876985e-014
	935	-2.3628590367825319e-015
	936	1.5540439932580342e-014
	937	-2.6767448895330793e-014
	938	3.7251908839923685e-014
	939	-2.6197313878278884e-014
	940	1.8827841677150619e-014
	941	7.5489282213911315e-015
	942	-2.3501561400406463e-014
	943	6.4766314670518901e-014
	944	-3.8542332358202996e-014
	945	3.7976316043898797e-014
	946	-6.1313909819789793e-015
	947	-2.2522109831223317e-014
	948	8.7361719583636500e-014
	949	-5.2698744560115821e-014
	950	5.0984538071476192e-014
	951	-2.5930930254771190e-014
	952	-2.3798082812131934e-014
	953	1.0408161100948841e-013
	954	-6.7627720372505362e-014
	955	3.5922046087158803e-014
	956	-6.1254691919275995e-014
	957	-2.9217726454479586e-014
	958	1.1507580209844703e-013
	959	-8.1597290129385453e-014
	960	2.6314931516064782e-014
	961	-8.1877344608535392e-014
	962	-1.1435777114774604e-014
	963	1.3434989815795932e-013
	964	-8.8986186380147526e-014
	965	5.8758631464982897e-014
	966	-6.0862709957921083e-014
	967	2.6362890400533716e-014
	968	1.9039362768738173e-013
	969	-6.8191918007243137e-014
	970	1.8771231822341163e-014
	971	-9.7684923369115335e-014
	972	-2.5848548697521637e-015
	973	1.5419851945872379e-013
	974	-6.0518801545095778e-014
	975	-6.3142157450432439e-014
	976	5.1264153444713183e-014
	977	-6.1848139287681413e-015
	978	-5.5351542271907857e-014
	979	-3.4449350890094956e-015
	980	-7.9771165215743634e-014
	981	4.1447305763511392e-014
	982	-2.2080942356654491e-015
	983	-6.2943177718034118e-014
	984	1.1609225628478890e-014
	985	-1.0050378105326724e-013
	986	-1.8688178104111392e-015
	987	-4.7702264192774833e-014
	988	-1.1210339284972834e-013
	989	-1.1958477217906098e-014
	990	-8.9545190154058819e-014
	991	-1.9952292091341021e-015
	992	-6.1663182443868221e-014
	993	-1.0399338428761155e-013
	994	-1.6354597272397230e-014
	995	-7.0879262351053595e-014
	996	1.2184069858306555e-014
	997	-4.7288074786144964e-014
	998	-6.1790156950094347e-014
	999	-1.9021365733863042e-015
	1000	-5.0488052839432422e-014
	1001	2.0636512459466087e-014
	1002	-3.7321920006340820e-014
	1003	-2.6181818380563237e-014
	1004	-2.5774069090469566e-015
	1005	-2.9120549573082282e-014
	1006	2.2423542595661836e-014
	1007	-3.0899612783586001e-014
	1008	6.2757473161937508e-015
	1009	-1.0386522345930756e-014
	1010	-7.5958224146877933e-015
	1011	1.7816549956964662e-014
	1012	-2.6923412301512405e-014
	1013	3.6287130365008284e-014
	1014	-2.1829291177197598e-014
	1015	1.3048187748501645e-014
	1016	7.1142467816190043e-015
	1017	-2.5277820721105152e-014
	1018	6.2515426857126452e-014
	1019	-3.5790662925697689e-014
	1020	3.1542169440307755e-014
	1021	-9.0562487347923456e-015
	1022	-2.5865633678780356e-014
	1023	8.3522273657922738e-014
	1024	-5.1431246575426855e-014
	1025	4.3944041178025640e-014
	1026	-3.0891236311414277e-014
	1027	-2.8517009083098460e-014
	1028	9.8532511018078237e-014
	1029	-6.7624682065323561e-014
	1030	2.9220951181511927e-014
	1031	-6.7128112791476679e-014
	1032	-3.4746795367067739e-014
	1033	1.0801809597207174e-013
	1034	-8.2534200895639960e-014
	1035	2.0886249269842166e-014
	1036	-8.6858751098893635e-014
	1037	-1.6867520239591645e-014
	1038	1.2639966324259786e-013
	1039	-9.0380945559447295e-014
	1040	5.4169712049959715e-014
	1041	-6.3671084149227911e-014
	1042	2.2067408625562615e-014
	1043	1.8204622204817265e-013
	1044	-6.9670411475576677e-014
	1045	1.6941528847922837e-014
	1046	-9.5911611613160464e-014
	1047	-3.9508047644499188e-015
	1048	1.4771129909767634e-013
	1049	-6.1465980044736902e-014
	1050	-6.5818179323330530e-014
	1051	6.4986724159009183e-014
	1052	-4.0796228056177736e-015
	1053	-6.2847390408304416e-014
	1054	-1.6777190056595399e-015
	1055	-8.2758554520445152e-014
	1056	5.6920154673220204e-014
	1057	4.7612933464283683e-015
	1058	-6.5258180277639524e-014
	1059	1.8465098445093935e-014
	1060	-1.0504792435448997e-013
	1061	9.9059885170017702e-015
	1062	-4.3144318574380213e-014
	1063	-1.1678530097358957e-013
	1064	-6.0999242867943154e-015
	1065	-9.3763808795465443e-014
	1066	8.6717875144408870e-015
	1067	-5.7823445290076731e-014
	1068	-1.0668396806052805e-013
	1069	-9.8982402508488842e-015
	1070	-7.4942026284808077e-014
	1071	2.1663634795869147e-014
	1072	-4.3227910331970213e-014
	1073	-6.1814255860275323e-014
	1074	6.3462169039003955e-015
	1075	-5.4711859085723231e-014
	1076	2.8011631178853657e-014
	1077	-3.4231078828744827e-014
	1078	-2.5797054979191002e-014
	1079	4.9415618386778552e-015
	1080	-3.3724880845350741e-014
	1081	2.7251678411695732e-014
	1082	-2.9240062249446930e-014
	1083	6.1155653269544693e-015
	1084	-4.2940235734685453e-015
	1085	-1.2762899958973734e-014
	1086	1.9952145552623612e-014
	1087	-2.6860422759917300e-014
	1088	3.5033632060202008e-014
	1089	-1.7287669814730372e-014
	1090	7.1685756987146224e-015
	1091	6.6268758449204931e-015
	1092	-2.6846707449162733e-014
	1093	5.9766796047423506e-014
	1094	-3.2751668906055408e-014
	1095	2.4858742952214643e-014
	1096	-1.1903231242439461e-014
	1097	-2.8996148012120193e-014
	1098	7.9017260221477623e-014
	1099	-4.9749261276570231e-014
	1100	3.6553285597173588e-014
	1101	-3.5598694195924892e-014
	1102	-3.3001811345383291e-014
	1103	9.2197118186872038e-014
	1104	-6.7076244325602399e-014
	1105	2.2286408534257233e-014
	1106	-7.2459059285980897e-014
	1107	-3.9992772170951934e-014
	1108	1.0009689409514913e-013
	1109	-8.2805609733698025e-014
	1110	1.5289959265937666e-014
	1111	-9.1140585333814146e-014
	1112	-2.2161290869456314e-014
	1113	1.1743657893564684e-013
	1114	-9.1047394470478767e-014
	1115	4.9144939110298058e-014
	1116	-6.5967129236206388e-014
	1117	1.7595774603684847e-014
	1118	1.7223696233012063e-013
	1119	-7.0587668536356042e-014
	1120	1.4975223176034915e-014
	1121	-9.3366647760059242e-014
	1122	-5.2844725394619180e-015
	1123	1.4003668084611350e-013
	1124	-6.1918728472406745e-014
	1125	-6.7965177451658528e-014
	1126	7.8181362954204102e-014
	1127	-1.9422219840986403e-015
	1128	-6.9832688588710497e-014
	1129	1.0377762966464962e-016
	1130	-8.5081059738917522e-014
	1131	7.1928113381643795e-014
	1132	1.1688754419096870e-014
	1133	-6.7047109699678172e-014
	1134	2.5172226770456968e-014
	1135	-1.0874732044703258e-013
	1136	2.1594570770602275e-014
	1137	-3.8243193051997655e-014
	1138	-1.2052814924323719e-013
	1139	-1.9439024974659928e-016
	1140	-9.7227726622885352e-014
	1141	1.9263454026299027e-014
	1142	-5.3522249648650845e-014
	1143	-1.0851779353219967e-013
	1144	-3.3659001387670914e-015
	1145	-7.8400273827635395e-014
	1146	3.0965371583439260e-014
	1147	-3.8822759050855945e-014
	1148	-6.1342509907421010e-014
	1149	1.4539025772154421e-014
	1150	-5.8492515675309534e-014
	1151	3.5160625716431578e-014
	1152	-3.0865524807807479e-014
	1153	-2.5204738064990263e-014
	1154	1.2416919824563858e-014
	1155	-3.8053709155894951e-014
	1156	3.1862599523657571e-014
	1157	-2.7343774434527911e-014
	1158	5.9083744551488117e-015
	1159	1.8305603835191845e-015
	1160	-1.7822596341327201e-014
	1161	2.1931442429992258e-014
	1162	-2.6577767294679398e-014
	1163	3.3502611810979346e-014
	1164	-1.2608029515705742e-014
	1165	1.2358612869666848e-015
	1166	6.0915452029376188e-015
	1167	-2.8194756904824651e-014
	1168	5.6543138021408367e-014
	1169	-2.9448797971201167e-014
	1170	1.7978909658835963e-014
	1171	-1.4649327253612250e-014
	1172	-3.1888258577774211e-014
	1173	7.3882968285362410e-014
	1174	-4.7665683046102005e-014
	1175	2.8870529964622807e-014
	1176	-4.0016049515642806e-014
	1177	-3.7216760607795625e-014
	1178	8.5125955102856407e-014
	1179	-6.5986316633909929e-014
	1180	1.5172961210568262e-014
	1181	-7.7205568914630573e-014
	1182	-4.4914287946392300e-014
	1183	9.1374851236647969e-014
	1184	-8.2409163586032175e-014
	1185	9.5701010383014890e-015
	1186	-9.4689334027187408e-014
	1187	-2.7275524194147933e-014
	1188	1.0753129879633112e-013
	1189	-9.0980312002155068e-014
	1190	4.3723963871656794e-014
	1191	-6.7732920727109842e-014
	1192	1.2983112629274682e-014
	1193	1.6104317225911147e-013
	1194	-7.0936554631066510e-014
	1195	1.2887899365873930e-014
	1196	-9.0070294531975886e-014
	1197	-6.5754515479981950e-015
	1198	1.3123528769910320e-013
	1199	-6.1873557899395568e-014
	1200	-6.9566034146585371e-014
	1201	9.0742025540466436e-014
	1202	2.0942635510978400e-016
	1203	-7.6254282531070579e-014
	1204	1.8838982599660246e-015
	1205	-8.6719936370847722e-014
	1206	8.6350996093485864e-014
	1207	1.8518518292145310e-014
	1208	-6.8297418647127990e-014
	1209	3.1674356605441989e-014
	1210	-1.1157195461354145e-013
	1211	3.3103896385411486e-014
	1212	-3.3038019987133635e-014
	1213	-1.2330243630378047e-013
	1214	5.7095983756888513e-015
	1215	-9.9908572324217129e-014
	1216	2.9696055841844918e-014
	1217	-4.8793463821408827e-014
	1218	-1.0948004058663344e-013
	1219	3.1898667870533873e-015
	1220	-8.1225602633762263e-014
	1221	4.0016307699352038e-014
	1222	-3.4106847959038712e-014
	1223	-6.0378033244461669e-014
	1224	2.2611063835755981e-014
	1225	-6.1799140698504704e-014
	1226	4.2027978544020578e-014
	1227	-2.7251098583358508e-014
	1228	-2.4408414806237146e-014
	1229	1.9789612758561431e-014
	1230	-4.2072135712696415e-014
	1231	3.6220867369802043e-014
	1232	-2.5224655726099258e-014
	1233	5.6569778232105561e-015
	1234	7.9389742697855929e-015
	1235	-2.2734453284108089e-014
	1236	2.3739618609602211e-014
	1237	-2.6076771443792630e-014
	1238	3.1707122921428115e-014
	1239	-7.8268086846025207e-015
	1240	-4.7030063159651450e-015
	1241	5.5128689779059413e-015
	1242	-2.9310707400865654e-014
	1243	5.2870748843318445e-014
	1244	-2.5907657515317239e-014
	1245	1.0956878735043974e-014
	1246	-1.7272758561015261e-014
	1247	-3.4518987086118696e-014
	1248	6.8160248199607888e-014
	1249	-4.5196569299361510e-014
	1250	2.0956224174173288e-014
	1251	-4.4108703761814501e-014
	1252	-4.1128722804909151e-014
	1253	7.7374776189161626e-014
	1254	-6.4363401083454216e-014
	1255	7.9366431988132224e-015
	1256	-8.1330368762977750e-014
	1257	-4.9472692297664026e-014
	1258	8.1920588238059971e-014
	1259	-8.1348000709711987e-014
	1260	3.7717948784574720e-015
	1261	-9.7477141387300496e-014
	1262	-3.2170034558619049e-014
	1263	9.6761793861181068e-014
	1264	-9.0180320723692430e-014
	1265	3.7949687681578048e-014
	1266	-6.8954667271827267e-014
	1267	8.2656792135439631e-015
	1268	1.4855319173272038e-013
	1269	-7.0714457510098749e-014
	1270	1.0696149945843645e-014
	1271	-8.6048870089614534e-014
	1272	-7.8136807327112631e-015
	1273	1.2137674661194271e-013
	1274	-6.1330917253165414e-014
	1275	-7.0607960904673413e-014
	1276	1.0256818011838541e-013
	1277	2.3581049968051347e-015
	1278	-8.2061065231962653e-014
	1279	3.6481056822873330e-015
	1280	-8.7661868921170190e-014
	1281	1.0007378255917365e-013
	1282	2.5196159670247552e-014
	1283	-6.8999342790381287e-014
	1284	3.7918971483802758e-014
	1285	-1.1349893044020647e-013
	1286	4.4342568021791906e-014
	1287	-2.7569919158902993e-014
	1288	-1.2508594042332432e-013
	1289	1.1564656025343789e-014
	1290	-1.0178443163245597e-013
	1291	3.9887324514994283e-014
	1292	-4.3674111707210769e-014
	1293	-1.0956260476015230e-013
	1294	9.7167681005808602e-015
	1295	-8.3394887231506665e-014
	1296	4.8745653143504326e-014
	1297	-2.9116639348335100e-014
	1298	-5.8927727112671937e-014
	1299	3.0498233994003974e-014
	1300	-6.4604989182767360e-014
	1301	4.8560236699614766e-014
	1302	-2.3415278327723350e-014
	1303	-2.3413715797978823e-014
	1304	2.7001343174559321e-014
	1305	-4.5747982351214530e-014
	1306	4.0292829895822410e-014
	1307	-2.2898532811759393e-014
	1308	5.3641637083127765e-015
	1309	1.3983409216447042e-014
	1310	-2.7459718418904816e-014
	1311	2.5362863568146204e-014
	1312	-2.5360811323277576e-014
	1313	2.9662053014053008e-014
	1314	-2.9813662389549522e-015
	1315	-1.0601381502803319e-014
	1316	4.8954320280799311e-015
	1317	-3.0185580173263039e-014
	1318	4.8778827526688718e-014
	1319	-2.2155853612704061e-014
	1320	3.8477895027560862e-015
	1321	-1.9753204239220007e-014
	1322	-3.6867549046725435e-014
	1323	6.1894424404795694e-014
	1324	-4.2361166742492734e-014
	1325	1.2872655842308962e-014
	1326	-4.7844737385190481e-014
	1327	-4.4707190137289919e-014
	1328	6.9004520061462731e-014
	1329	-6.2220164204928501e-014
	1330	6.3456593747179972e-016
	1331	-8.4801384444150632e-014
	1332	-5.3632403484199438e-014
	1333	7.1808446357726321e-014
	1334	-7.9630675290471784e-014
	1335	-2.0591181615721246e-015
	1336	-9.9482295951037056e-014
	1337	-3.6806479419251531e-014
	1338	8.5212921592982042e-014
	1339	-8.8653982599333232e-014
	1340	3.1867978826214566e-014
	1341	-6.9622926389070339e-014
	1342	3.4805583785573708e-015
	1343	1.3486576565771992e-013
	1344	-6.9923384641537752e-014
	1345	8.4174551348765482e-015
	1346	-8.1334510862994015e-014
	1347	-8.9895123883318960e-015
	1348	1.1053924804302600e-013
	1349	-6.0295218728338533e-014
	1350	-7.1082564476448312e-014
	1351	1.1356551041631722e-013
	1352	4.4868165308348598e-015
	1353	-8.7206541358846035e-014
	1354	5.3821913424548576e-015
	1355	-8.7899033612758311e-014
	1356	1.1298745601632258e-013
	1357	3.1668700627639313e-014
	1358	-6.9147174522963376e-014
	1359	4.3856129495936213e-014
	1360	-1.1451237835334481e-013
	1361	5.5221837052464811e-014
	1362	-2.1882059222312478e-014
	1363	-1.2586422272329994e-013
	1364	1.7324049773935826e-014
	1365	-1.0283982606113353e-013
	1366	4.9757203162354364e-014
	1367	-3.8204209207632870e-014
	1368	-1.0876432543208056e-013
	1369	1.6163049665221616e-014
	1370	-8.4890437458767142e-014
	1371	5.7084984138633488e-014
	1372	-2.3891095689644861e-014
	1373	-5.7002473723471644e-014
	1374	3.8138235703078427e-014
	1375	-6.6887506274278014e-014
	1376	5.4706377911320192e-014
	1377	-1.9387747907189566e-014
	1378	-2.2227605203935424e-014
	1379	3.3995482261352369e-014
	1380	-4.9052245354465859e-014
	1381	4.4046736533526465e-014
	1382	-2.0383354898465920e-014
	1383	5.0328628605866362e-015
	1384	1.9916424602193714e-014
	1385	-3.1961205108635519e-014
	1386	2.6788331218062541e-014
	1387	-2.4435326961904092e-014
	1388	2.7383913855690883e-014
	1389	1.8903312634421842e-015
	1390	-1.6412979921788619e-014
	1391	4.2438414191040722e-015
	1392	-3.0812527019122313e-014
	1393	4.4299817708288804e-014
	1394	-1.8222760201302111e-014
	1395	-3.2925780607230761e-015
	1396	-2.2071555005111461e-014
	1397	-3.8915893778091175e-014
	1398	5.5134499809968973e-014
	1399	-3.9181961135629963e-014
	1400	4.6834626188939508e-015
	1401	-5.1195162211843755e-014
	1402	-4.7924401753515389e-014
	1403	6.0080943569423463e-014
	1404	-5.9573948150894868e-014
	1405	-6.6756088701093817e-015
	1406	-8.7591568901392990e-014
	1407	-5.7361136167588960e-014
	1408	6.1117927777327276e-014
	1409	-7.7271170995237785e-014
	1410	-7.8763438308336388e-015
	1411	-1.0068913200537675e-013
	1412	-4.1148566536176760e-014
	1413	7.2975823712963509e-014
	1414	-8.6413798988345999e-014
	1415	2.5527251437974371e-014
	1416	-6.9732542197357858e-014
	1417	-1.3345162035464884e-015
	1418	1.2008934983481240e-013
	1419	-6.8569884437098740e-014
	1420	6.0700536699093924e-015
	1421	-7.5964935229255563e-014
	1422	-1.0093765524744804e-014
	1423	9.8808973359571471e-014
	1424	-5.8774786964720539e-014
	1425	-7.0985946816286803e-014
	1426	1.2364660517520405e-013
	1427	6.5787829285797461e-015
	1428	-9.1649545110484166e-014
	1429	7.0722558533206289e-015
	1430	-8.7429226215806949e-014
	1431	1.2498971889223712e-013
	1432	3.7885016086830959e-014
	1433	-6.8739543998988705e-014
	1434	4.9438502675914521e-014
	1435	-1.1460386371987516e-013
	1436	6.5655912947347629e-014
	1437	-1.6019108492105058e-014
	1438	-1.2563078484760878e-013
	1439	2.2942023748687233e-014
	1440	-1.0306600060510101e-013
	1441	5.9228159542735092e-014
	1442	-3.2426503131075272e-014
	1443	-1.0709116552075720e-013
	1444	2.2477644711618640e-014
	1445	-8.5700188839738415e-014
	1446	6.4969076945513953e-014
	1447	-1.8470722893102890e-014
	1448	-5.4616833347348666e-014
	1449	4.5470785204606776e-014
	1450	-6.8628705655948981e-014
	1451	6.0418366896330822e-014
	1452	-1.5199839727934951e-014
	1453	-2.0859016067512110e-014
	1454	4.0717055886597877e-014
	1455	-5.1959008216705047e-014
	1456	4.7452918628934043e-014
	1457	-1.7698681249537638e-014
	1458	4.6660207887047999e-015
	1459	2.5691485919211113e-014
	1460	-3.6203796879864932e-014
	1461	2.8004342030775548e-014
	1462	-2.3307871858664845e-014
	1463	2.4890542222785356e-014
	1464	6.7500060860651114e-015
	1465	-2.2092486568691803e-014
	1466	3.5625017182701183e-015
	1467	-3.1187268108854756e-014
	1468	3.9468579954747769e-014
	1469	-1.4139661172468806e-014
	1470	-1.0408139179332765e-014
	1471	-2.4210472917091311e-014
	1472	-4.0648750980325033e-014
	1473	4.7933343005072611e-014
	1474	-3.5684263940819524e-014
	1475	-3.5467232681902391e-015
	1476	-5.4134366042696902e-014
	1477	-5.0755786441866335e-014
	1478	5.0673876399624537e-014
	1479	-5.6446000742835191e-014
	1480	-1.3935840461236388e-014
	1481	-8.9679251478408917e-014
	1482	-6.0629874387191234e-014
	1483	4.9933210865103653e-014
	1484	-7.4288597734332995e-014
	1485	-1.3633527985078464e-014
	1486	-1.0108838999184876e-013
	1487	-4.5162116322968393e-014
	1488	6.0147362480203775e-014
	1489	-8.3477949758877651e-014
	1490	1.8978251135690220e-014
	1491	-6.9282746038489464e-014
	1492	-6.1414291714537896e-015
	1493	1.0434143891461300e-013
	1494	-6.6664998818282122e-014
	1495	3.6728043159963211e-015
	1496	-6.9983175426735012e-014
	1497	-1.1117778383031365e-014
	1498	8.6279495138295251e-014
	1499	-5.6781797213895265e-014
	1500	-7.0318720329009751e-014
	1501	1.3273153158987940e-013
	1502	8.6176022440491613e-015
	1503	-9.5354588347485933e-014
	1504	8.7048093681666751e-015
	1505	-8.6255852327121147e-014
	1506	1.3598578024607673e-013
	1507	4.3796095930928635e-014
	1508	-6.7779498125042713e-014
	1509	5.4621780189167968e-014
	1510	-1.1377235996812957e-013
	1511	7.5562640698237309e-014
	1512	-1.0027106500292011e-014
	1513	-1.2438717231676498e-013
	1514	2.8374150224481573e-014
	1515	-1.0246090703382463e-013
	1516	6.8225801124069880e-014
	1517	-2.6386244801022366e-014
	1518	-1.0455594435355237e-013
	1519	2.8610829017636317e-014
	1520	-8.5817732900611748e-014
	1521	7.2335879680966002e-014
	1522	-1.2898154772914626e-014
	1523	-5.1789450179779309e-014
	1524	5.2438160591365430e-014
	1525	-6.9815034885330564e-014
	1526	6.5650975140547155e-014
	1527	-1.0884584291488591e-014
	1528	-1.9318620140675990e-014
	1529	4.7113137196586660e-014
	1530	-5.4445858835377816e-014
	1531	5.0483956509446313e-014
	1532	-1.4866114458138884e-014
	1533	4.2663029964474392e-015
	1534	3.1263157049659100e-014
	1535	-4.0154650191402811e-014
	1536	2.9000371501918569e-014
	1537	-2.1987929374270857e-014
	1538	2.2201263272865077e-014
	1539	1.1559267095854239e-014
	1540	-2.7595468330662240e-014
	1541	2.8556321590363605e-015
	1542	-3.1307773599595552e-014
	1543	3.4322593759749343e-014
	1544	-9.9389845473150658e-015
	1545	-1.7442991330268874e-014
	1546	-2.6153944752755686e-014
	1547	-4.2053311593306564e-014
	1548	4.0347187188522050e-014
	1549	-3.1896403751465862e-014
	1550	-1.1752680745855668e-014
	1551	-5.6639736240147027e-014
	1552	-5.3179721000061001e-014
	1553	4.0857104995756174e-014
	1554	-5.2861788873341618e-014
	1555	-2.1088317623179016e-014
	1556	-9.1048303312630269e-014
	1557	-6.3413305035294984e-014
	1558	3.8342555106975602e-014
	1559	-7.0707285682134347e-014
	1560	-1.9284594012419864e-014
	1561	-1.0067689959520283e-013
	1562	-4.8815514997172464e-014
	1563	4.6829340106392585e-014
	1564	-7.9870278041360449e-014
	1565	1.2273541359635637e-014
	1566	-6.8277159050918978e-014
	1567	-1.0902012575200692e-014
	1568	8.7747633088361189e-014
	1569	-6.4224170042749291e-014
	1570	1.2450266241147839e-015
	1571	-6.3437184108158795e-014
	1572	-1.2053489750632560e-014
	1573	7.3051092762789829e-014
	1574	-5.4332193177028879e-014
	1575	-6.9086046833397724e-014
	1576	1.4074845364311960e-013
	1577	1.0587273177836524e-014
	1578	-9.8292116396255739e-014
	1579	1.0266861789713904e-014
	1580	-8.4388005531078409e-014
	1581	1.4588889908805647e-013
	1582	4.9355421901033248e-014
	1583	-6.6274392470701585e-014
	1584	5.9364913125006715e-014
	1585	-1.1202424681313217e-013
	1586	8.4864073106533882e-014
	1587	-3.9531088715395586e-015
	1588	-1.2214302091304075e-013
	1589	3.3577521900342733e-014
	1590	-1.0102935097662633e-013
	1591	7.6679283353301824e-014
	1592	-2.0130920917377760e-014
	1593	-1.0117847035256118e-013
	1594	3.4514242931217055e-014
	1595	-8.5242337716187707e-014
	1596	7.9127135540491903e-014
	1597	-7.2172278574666319e-015
	1598	-4.8542440444621674e-014
	1599	5.8985543161557512e-014
	1600	-7.0437578924516514e-014
	1601	7.0362311359014621e-014
	1602	-6.4762915466799431e-015
	1603	-1.7618680290487069e-014
	1604	5.3133307402166352e-014
	1605	-5.6493752925047088e-014
	1606	5.3115142822964330e-014
	1607	-1.1908577901959889e-014
	1608	3.8365341410533810e-015
	1609	3.6587266072371310e-014
	1610	-4.3783182052497657e-014
	1611	2.9767556884763489e-014
	1612	-2.0486928934686312e-014
	1613	1.9336562710526064e-014
	1614	1.6279669796674299e-014
	1615	-3.2878974674766636e-014
	1616	2.1276691994858728e-015
	1617	-3.1174130213401392e-014
	1618	2.8901778626468439e-014
	1619	-5.6544970825249462e-015
	1620	-2.4341578064187946e-014
	1621	-2.7887773312206065e-014
	1622	-4.3119493775114310e-014
	1623	3.2435104357389227e-014
	1624	-2.7848973915316146e-014
	1625	-1.9869082821562143e-014
	1626	-5.8692126874803473e-014
	1627	-5.5177871464490063e-014
	1628	3.0707945641910773e-014
	1629	-4.8850478004370482e-014
	1630	-2.8075774196806984e-014
	1631	-9.1688113178642680e-014
	1632	-6.5689763086358781e-014
	1633	2.6437849601674160e-014
	1634	-6.6556332114445921e-014
	1635	-2.4784044143119207e-014
	1636	-9.9458141773972563e-014
	1637	-5.2079795548583059e-014
	1638	3.3128021432609872e-014
	1639	-7.5619892123026788e-014
	1640	5.4676078268211833e-015
	1641	-6.6723706478248862e-014
	1642	-1.5578319528326049e-014
	1643	7.0440738821260136e-014
	1644	-6.1267059439271913e-014
	1645	-1.1934787400437290e-015
	1646	-5.6378628589243531e-014
	1647	-1.2893461831238549e-014
	1648	5.9229881250137803e-014
	1649	-5.1445552326631269e-014
	1650	-6.7297552011863319e-014
	1651	1.4763406917464453e-013
	1652	1.2472354319313390e-014
	1653	-1.0043875199448231e-013
	1654	1.1746028649240511e-014
	1655	-8.1840335706190256e-014
	1656	1.5462101453968765e-013
	1657	5.4519245374645229e-014
	1658	-6.4235979206692473e-014
	1659	6.3630433828041916e-014
	1660	-1.0937337729319084e-013
	1661	9.3486844534517181e-014
	1662	2.1550436102750330e-015
	1663	-1.1891584989955619e-013
	1664	3.8511157628216657e-014
	1665	-9.8782905436601755e-014
	1666	8.4521726501458210e-014
	1667	-1.3709932942387739e-014
	1668	-9.6985337319140077e-014
	1669	4.0141375026194175e-014
	1670	-8.3979087480724495e-014
	1671	8.5288819020249529e-014
	1672	-1.4731131069858526e-015
	1673	-4.4901537478767494e-014
	1674	6.5061268987598193e-014
	1675	-7.0492228489966999e-014
	1676	7.4514391779001167e-014
	1677	-2.0103672770965967e-015
	1678	-1.5772933410904422e-014
	1679	5.8730036520051199e-014
	1680	-5.8087297166390211e-014
	1681	5.5324225441208157e-014
	1682	-8.8506242830329425e-015
	1683	3.3793911955319262e-015
	1684	4.1621442917018424e-014
	1685	-4.7061370000559381e-014
	1686	3.0298172329279865e-014
	1687	-1.8818133263819810e-014
	1688	1.6318140258402917e-014
	1689	2.0873447636385182e-014
	1690	-3.7901551396142716e-014
	1691	1.3829144581226252e-015
	1692	-3.0788881956252986e-014
	1693	2.3247986626269149e-014
	1694	-1.3210042089340738e-015
	1695	-3.1049233748230463e-014
	1696	-2.9399301378078015e-014
	1697	-4.3840211820865610e-014
	1698	2.4259096351342779e-014
	1699	-2.3575011258412134e-014
	1700	-2.7831242046928569e-014
	1701	-6.0275876505112491e-014
	1702	-5.6735089764137046e-014
	1703	2.0306490978370268e-014
	1704	-4.4444825441090951e-014
	1705	-3.4842464092184838e-014
	1706	-9.1594167229803542e-014
	1707	-6.7441512166584395e-014
	1708	1.4313773937477239e-014
	1709	-6.1869513317072428e-014
	1710	-3.0086354966541677e-014
	1711	-9.7442523550061822e-014
	1712	-5.4929329922474385e-014
	1713	1.9152967141429316e-014
	1714	-7.0761229398896711e-014
	1715	-1.3791041388949131e-015
	1716	-6.4631791507504144e-014
	1717	-2.0133415735952672e-014
	1718	5.2559470641393254e-014
	1719	-5.7817532584655352e-014
	1720	-3.6198742859135840e-015
	1721	-4.8854855470641893e-014
	1722	-1.3629809595143341e-014
	1723	4.4926762200606703e-014
	1724	-4.8145068118864154e-014
	1725	-6.4967336421879480e-014
	1726	1.5333406473781036e-013
	1727	1.4258057320253644e-014
	1728	-1.0177743335750911e-013
	1729	1.3130594634053021e-014
	1730	-7.8632991063828906e-014
	1731	1.6211325114137256e-013
	1732	5.9246870815151072e-014
	1733	-6.1680245273198670e-014
	1734	6.7384718478399365e-014
	1735	-1.0584092298875772e-013
	1736	1.0136279221610810e-013
	1737	8.2490804412974216e-015
	1738	-1.1473114959541171e-013
	1739	4.3136120997583956e-014
	1740	-9.5739746901829623e-014
	1741	9.1690744857574796e-014
	1742	-7.1742503414927703e-015
	1743	-9.2009789449133057e-014
	1744	4.5447835693933868e-014
	1745	-8.2038644076240075e-014
	1746	9.0771301713662380e-014
	1747	4.2881173478492169e-015
	1748	-4.0895990088179115e-014
	1749	7.0617205422259747e-014
	1750	-6.9979387414725772e-014
	1751	7.8073008813592367e-014
	1752	2.4766991607256340e-015
	1753	-1.3796837550705593e-014
	1754	6.3858781205127467e-014
	1755	-5.9214752176858233e-014
	1756	5.7092236940931188e-014
	1757	-5.7176533807064039e-015
	1758	2.8974428135140648e-015
	1759	4.6325315452235461e-014
	1760	-4.9963834485203358e-014
	1761	3.0586332043509128e-014
	1762	-1.6996189118257127e-014
	1763	1.3168809151667916e-014
	1764	2.5303219356958661e-014
	1765	-4.2623587185560220e-014
	1766	6.2573069813828894e-016
	1767	-3.0156427124372505e-014
	1768	1.7405044025331341e-014
	1769	3.0261513060960104e-015
	1770	-3.7512702329332290e-014
	1771	-3.0677611191800778e-014
	1772	-4.4210713121465217e-014
	1773	1.5883379283245495e-014
	1774	-1.9109498453233668e-014
	1775	-3.5576490505829079e-014
	1776	-6.1379723013275373e-014
	1777	-5.7839821861379901e-014
	1778	9.7353039928094235e-015
	1779	-3.9680794084861071e-014
	1780	-4.1334847433658300e-014
	1781	-9.0770334938490985e-014
	1782	-6.8655693884250730e-014
	1783	2.0672336124741175e-015
	1784	-5.6684848363851379e-014
	1785	-3.5131426115013641e-014
	1786	-9.4645674290710215e-014
	1787	-5.7344254401634548e-014
	1788	5.0157815195530071e-015
	1789	-6.5333541375745983e-014
	1790	-8.1638298927016451e-015
	1791	-6.1980206030948268e-014
	1792	-2.4530375014553776e-014
	1793	3.4245537725522980e-014
	1794	-5.3903782970548967e-014
	1795	-5.9823686074513905e-015
	1796	-4.0855421047872472e-014
	1797	-1.4238962656523690e-014
	1798	3.0256016028890661e-014
	1799	-4.4458212796822305e-014
	1800	-6.2113845052905615e-014
	1801	1.5780341968443757e-013
	1802	1.5930283317250240e-014
	1803	-1.0229757257349545e-013
	1804	1.4409620313637645e-014
	1805	-7.4791503548719646e-014
	1806	1.6830631712728945e-013
	1807	6.3500903533002519e-014
	1808	-5.8627398198101654e-014
	1809	7.0598116687760424e-014
	1810	-1.0145515772247339e-013
	1811	1.0842928299378314e-013
	1812	1.4280594584024406e-014
	1813	-1.0962206352053552e-013
	1814	4.7415922676109865e-014
	1815	-9.1924620738036733e-014
	1816	9.8128889404241243e-014
	1817	-5.7606605871985765e-016
	1818	-8.6291514237338329e-014
	1819	5.0391599394758110e-014
	1820	-7.9437255563008913e-014
	1821	9.5529930520314248e-014
	1822	1.0019949939087953e-014
	1823	-3.6558021293846270e-014
	1824	7.5609253389209274e-014
	1825	-6.8903933491288846e-014
	1826	8.1008308342879164e-014
	1827	6.9481924863965246e-015
	1828	-1.1706937493869019e-014
	1829	6.8478286294182660e-014
	1830	-5.9867950564281474e-014
	1831	5.8403258884732322e-014
	1832	-2.5362135933568615e-015
	1833	2.3933367433566617e-015
	1834	5.0660869686382595e-014
	1835	-5.2468157933958212e-014
	1836	3.0628122901113024e-014
	1837	-1.5037216653268998e-014
	1838	9.9124068738666469e-015
	1839	2.9532956729620631e-014
	1840	-4.7008141268846270e-014
	1841	-1.3933676604653424e-016
	1842	-2.9283241065825936e-014
	1843	1.1418333762951503e-014
	1844	7.3512813175195227e-015
	1845	-4.3682649581510911e-014
	1846	-3.1714553195278862e-014
	1847	-4.4229245615478020e-014
	1848	7.3740938296886058e-015
	1849	-1.4489177036175558e-014
	1850	-4.3049773652242938e-014
	1851	-6.2001218738268083e-014
	1852	-5.8485086300927312e-014
	1853	-9.2154721408802026e-016
	1854	-3.4597361003781699e-014
	1855	-4.7486008757549022e-014
	1856	-8.9237053203060964e-014
	1857	-6.9329869845276474e-014
	1858	-1.0204817699235802e-014
	1859	-5.1044610551597867e-014
	1860	-3.9712931924584870e-014
	1861	-9.1035085835406744e-014
	1862	-5.9319487651547160e-014
	1863	-9.1763219150424506e-015
	1864	-5.9381671671868141e-014
	1865	-1.4526062096252994e-014
	1866	-5.8469159260092510e-014
	1867	-2.8687989455732068e-014
	1868	1.5633578824393856e-014
	1869	-4.9561338123375919e-014
	1870	-8.0322155507402278e-015
	1871	-3.2061009781688158e-014
	1872	-1.4553841013676609e-014
	1873	1.5347556413274803e-014
	1874	-4.0422043204915150e-014
	1875	-5.8759749588807933e-014
	1876	1.6100678478853840e-013
	1877	1.7475763539184438e-014
	1878	-1.0199508101440494e-013
	1879	1.5573000584933640e-014
	1880	-7.0346563479764798e-014
	1881	1.7315097014024691e-013
	1882	6.7247537152555121e-014
	1883	-5.5101646763859051e-014
	1884	7.3245308100232821e-014
	1885	-9.6251425912402792e-014
	1886	1.1462974399681304e-013
	1887	2.0201464507530027e-014
	1888	-1.0362927649051855e-013
	1889	5.1316658476014635e-014
	1890	-8.7368539967547672e-014
	1891	1.0378406042752188e-013
	1892	6.0314961452946287e-015
	1893	-7.9876252092135195e-014
	1894	5.4933347706288306e-014
	1895	-7.6196507466478492e-014
	1896	9.9525442696126639e-014
	1897	1.5675776210922842e-014
	1898	-3.1922904145258208e-014
	1899	7.9997355006305223e-014
	1900	-6.7275442620736122e-014
	1901	8.3295128716708029e-014
	1902	1.1366865067385713e-014
	1903	-9.5208963135731277e-015
	1904	7.2551353488305159e-014
	1905	-6.0042435108183462e-014
	1906	5.9244928798512932e-014
	1907	6.6679279632433981e-016
	1908	1.8698184326158363e-015
	1909	5.4592526212268646e-014
	1910	-5.4555190505453775e-014
	1911	3.0421142589597469e-014
	1912	-1.2958520835159179e-014
	1913	6.5736636369036450e-015
	1914	3.3527780314031698e-014
	1915	-5.1023482175878966e-014
	1916	-9.0893594019390208e-016
	1917	-2.8177835857212889e-014
	1918	5.3349053969239219e-015
	1919	1.1618696727378613e-014
	1920	-4.9524310734537217e-014
	1921	-3.2511680239897346e-014
	1922	-4.3898344537052152e-014
	1923	-1.2014334099751963e-015
	1924	-9.7519576608580665e-015
	1925	-5.0207755376780966e-014
	1926	-6.2171002684930410e-014
	1927	-5.8677775446338938e-014
	1928	-1.1580531818668535e-014
	1929	-2.9236210806769585e-014
	1930	-5.3004206649635161e-014
	1931	-8.7009539615769602e-014
	1932	-6.9503423340647017e-014
	1933	-2.2415846696312275e-014
	1934	-4.4996167233271774e-014
	1935	-4.2705077317269082e-014
	1936	-8.5987335297863466e-014
	1937	-6.0840905262695444e-014
	1938	-2.3354127147110500e-014
	1939	-5.2962850068344423e-014
	1940	-1.9123969760052794e-014
	1941	-5.2316604774728188e-014
	1942	-3.2005803521983006e-014
	1943	-3.1572268685501770e-015
	1944	-4.4854813104484555e-014
	1945	-8.8049408915703094e-015
	1946	-2.1309910902731996e-014
	1947	-1.3626324054565389e-014
	1948	5.4989188353336046e-016
	1949	-3.6110786110860006e-014
	1950	-5.4931789165665358e-014
	1951	1.6291862454785198e-013
	1952	1.8882159257113586e-014
	1953	-1.0087244133380599e-013
	1954	1.6611527352771403e-014
	1955	-6.5333832888183393e-014
	1956	1.7660833174711408e-013
	1957	7.0456731230854501e-014
	1958	-5.1131050977792050e-014
	1959	7.5305277828395176e-014
	1960	-9.0271601955282497e-014
	1961	1.1991408784373543e-013
	1962	2.5964054821326299e-014
	1963	-9.6800640002189386e-014
	1964	5.4807378660438541e-014
	1965	-8.2108542816177165e-014
	1966	1.0860986835299097e-013
	1967	1.2595005956591668e-014
	1968	-7.2815548792110462e-014
	1969	5.9036786960800502e-014
	1970	-7.2343045599866542e-014
	1971	1.0272415324527790e-013
	1972	2.1209132413042266e-014
	1973	-2.7028523800343543e-014
	1974	8.3746162318109251e-014
	1975	-6.5107730882504758e-014
	1976	8.4913116911136752e-014
	1977	1.5696005475285873e-014
	1978	-7.2573698015783173e-015
	1979	7.6044585972450621e-014
	1980	-5.9738021203786352e-014
	1981	5.9608304309405005e-014
	1982	3.8639323917866445e-015
	1983	1.3298960018338244e-015
	1984	5.8087916089330765e-014
	1985	-5.6212724136670148e-014
	1986	2.9963858261672892e-014
	1987	-1.0778266730677509e-014
	1988	3.1781180810944104e-015
	1989	3.7254450737396591e-014
	1990	-5.4659507369905750e-014
	1991	-1.6895604118118164e-015
	1992	-2.6852354060192251e-014
	1993	-7.9767588264174206e-016
	1994	1.5793029516142002e-014
	1995	-5.5052691192863785e-014
	1996	-3.3119793675222457e-014
	1997	-4.3237025328135282e-014
	1998	-9.7771524259652765e-015
	1999	-4.9370918340569574e-015
	2000	-5.6830775129418294e-014
	2001	-6.2010014469564534e-014
	2002	-5.8496137019469742e-014
	2003	-2.2173875582817491e-014
	2004	-2.3643464226044491e-014
	2005	-5.5899222337632532e-014
	2006	-8.3443750019118393e-014
	2007	-6.9344484156466293e-014
	2008	-3.4557334548579232e-014
	2009	-3.8603922559017579e-014
	2010	-3.9837353592495762e-014
	2011	-7.5321525453049846e-014
	2012	-6.1120479250305317e-014
	2013	-3.7614265326820478e-014
	2014	-4.6198321284761281e-014
	2015	-2.1603839488121355e-014
	2016	-3.8084693823788051e-014
	2017	-3.0743705069821024e-014
	2018	-2.1607837629846455e-014
	2019	-3.9989899277203741e-014
	2020	-1.0070010909255531e-014
	2021	-9.0458699372356977e-015
	2022	-1.1991911514158357e-014
	2023	-3.1688161548416340e-014
	2024	-5.0660569624961030e-014
	2025	1.6352351110427701e-013
	2026	2.0138115147346793e-014
	2027	-9.8938655797861999e-014
	2028	1.7516982703496674e-014
	2029	-5.9793634019137872e-014
	2030	1.7865020089747987e-013
	2031	7.3102517560873017e-014
	2032	-4.6747395597976570e-014
	2033	7.6761608679663806e-014
	2034	-8.3564028925520373e-014
	2035	1.2423910906184426e-013
	2036	3.1521790571775712e-014
	2037	-8.9190800918558137e-014
	2038	5.7860040509596835e-014
	2039	-7.6187440829845683e-014
	2040	1.1256624741706561e-013
	2041	1.9060969283665968e-014
	2042	-6.5166348482701719e-014
	2043	6.2668746501047274e-014
	2044	-6.7908600938686402e-014
	2045	1.0509855240514789e-013
	2046	2.6574363275980830e-014
	2047	-2.1914808533104274e-014
	2048	8.6824871700945036e-014
	2049	-6.2419438577738075e-014
	2050	8.5847137125023131e-014
	2051	1.9899258374341359e-014
	2052	-4.9357028190112871e-015
	2053	7.8928947457187169e-014
	2054	-5.8962341517411088e-014
	2055	5.9486832318778512e-014
	2056	7.0278959916772275e-015
	2057	7.7657212230486177e-016
	2058	6.1117740659681662e-014
	2059	-5.7455744215360389e-014
	2060	2.9244919642065132e-014
	2061	-8.5178771058777821e-015
	2062	-2.4823451021920519e-016
	2063	4.0681916883599710e-014
	2064	-5.7992721546366524e-014
	2065	-2.5514576967355763e-015
	2066	-2.5337371428426305e-014
	2067	-6.9335260030191296e-015
	2068	1.9839288593939935e-014
	2069	-6.0238149586047344e-014
	2070	-3.3784129808781010e-014
	2071	-4.2363074958483737e-014
	2072	-1.8307152887029156e-014
	2073	-8.7051481813455768e-017
	2074	-6.0556186703509035e-014
	2075	-6.1229995724820233e-014
	2076	-5.8326307294710273e-014
	2077	-3.2753142157518984e-014
	2078	-1.7885982230814407e-014
	2079	-4.8456798997380488e-014
	2080	-7.2235211323710323e-014
	2081	-6.8514802560148391e-014
	2082	-4.7025136660741054e-014
	2083	-3.2039296092085294e-014
	2084	-3.3548099999161619e-014
	2085	-4.9227588851287856e-014
	2086	-5.2639367909493923e-014
	2087	-5.1930446763859165e-014
	2088	-3.9556127987442420e-014
	2089	-1.9284149553056571e-014
	2090	-1.8458382031452246e-014
	2091	-3.4392020072100336e-014
	2092	-3.5512724310649241e-014
	2093	-4.5132857810409647e-015
	2094	-1.4297728531854773e-014
	2095	-2.6770656292473454e-014
	2096	-4.5980343285016018e-014
	2097	1.6281614965486021e-013
	2098	2.1233375334958702e-014
	2099	-9.6209180216761531e-014
	2100	1.8282137210904638e-014
	2101	-5.3770653289669141e-014
	2102	1.7925929390019127e-013
	2103	7.5163189858496098e-014
	2104	-4.1985849351710652e-014
	2105	7.7602563318488610e-014
	2106	-7.6182856300320723e-014
	2107	1.2756882384419994e-013
	2108	3.6829339136365505e-014
	2109	-8.0860944591967158e-014
	2110	6.0450025857910518e-014
	2111	-6.9653326522552046e-014
	2112	1.1561971485909258e-013
	2113	2.5376515951411322e-014
	2114	-5.6990422550114820e-014
	2115	6.5799720781343964e-014
	2116	-6.2929963899186085e-014
	2117	1.0662737086785199e-013
	2118	3.1726960396751565e-014
	2119	-1.6623781285648244e-014
	2120	8.9208001015627378e-014
	2121	-5.9237832459335221e-014
	2122	8.6085697720858382e-014
	2123	2.3941015665127886e-014
	2124	-2.5756069801684098e-015
	2125	8.1180294962419214e-014
	2126	-5.7754987512507113e-014
	2127	5.8864860276908337e-014
	2128	1.0129177289998530e-014
	2129	2.1296728357556144e-016
	2130	6.3656445362819149e-014
	2131	-5.8419288554700704e-014
	2132	2.8177741742776991e-014
	2133	-6.2181624352042341e-015
	2134	-3.6816648589261724e-015
	2135	4.3781024407992154e-014
	2136	-6.1199589480348751e-014
	2137	-3.8558614741459161e-015
	2138	-2.3785330954466248e-014
	2139	-1.3050479103712543e-014
	2140	2.3720696637235579e-014
	2141	-6.2807348123165519e-014
	2142	-3.4693102569698885e-014
	2143	-4.1879305141017154e-014
	2144	-2.6901753373598000e-014
	2145	4.7318328810476646e-015
	2146	-5.0812048748470069e-014
	2147	-5.2604277696097695e-014
	2148	-5.8620835918239434e-014
	2149	-4.4041380976126385e-014
	2150	-1.2181239895012164e-014
	2151	-3.7873266856518336e-014
	2152	-3.9419375558748718e-014
	2153	-5.6788512949910614e-014
	2154	-6.0849280038784433e-014
	2155	-2.6098558942233216e-014
	2156	-1.9177131069456608e-014
	2157	-2.6234726379722394e-014
	2158	-5.7681995033133749e-014
	2159	-3.4457124534968383e-014
	2160	-7.1502725640813151e-015
	2161	-2.7849932431916431e-014
	2162	-2.9469977924168143e-014
	2163	-7.2915365897387695e-015
	2164	-1.6970586101420159e-014
	2165	-4.0928728573083779e-014
	2166	1.6080151905926553e-013
	2167	2.2158877414446641e-014
	2168	-9.2705829077028169e-014
	2169	1.8900862591621909e-014
	2170	-4.7313544127064636e-014
	2171	1.7842950885896619e-013
	2172	7.6621482058923130e-014
	2173	-3.6884751160539808e-014
	2174	7.7821113912506217e-014
	2175	-6.8187896956301729e-014
	2176	1.2987496027197096e-013
	2177	4.1843157721598296e-014
	2178	-7.1878082186701992e-014
	2179	6.2556170740159494e-014
	2180	-6.2559908930499017e-014
	2181	1.1774363318694646e-013
	2182	3.1489579469752760e-014
	2183	-4.8354030170846980e-014
	2184	6.8403804993064695e-014
	2185	-5.7453091931848308e-014
	2186	1.0729427311091712e-013
	2187	3.6623710372804197e-014
	2188	-1.1198924288617321e-014
	2189	9.0875292622189744e-014
	2190	-5.5625419743122153e-014
	2191	8.5609407022808872e-014
	2192	2.7784627117369268e-014
	2193	-1.9741181391039993e-016
	2194	8.2779036192560289e-014
	2195	-5.6303582595461086e-014
	2196	5.7643212492199371e-014
	2197	1.3118359846136751e-014
	2198	-3.6046733822266858e-016
	2199	6.5681892780908497e-014
	2200	-5.9479603553561158e-014
	2201	2.6300683848128324e-014
	2202	-4.0594265609185122e-015
	2203	-7.1247121091372238e-015
	2204	4.6522100211184389e-014
	2205	-6.2251269993239688e-014
	2206	-6.2730847639194354e-015
	2207	-2.2990660509590279e-014
	2208	-1.9312738011631509e-014
	2209	2.7374462458374261e-014
	2210	-5.0340218215846513e-014
	2211	-2.8381783360202070e-014
	2212	-4.3105781003441549e-014
	2213	-3.6592165510596223e-014
	2214	9.2648078370684370e-015
	2215	-3.8833507451239068e-014
	2216	-1.8981880435910101e-014
	2217	-4.7711475579272401e-014
	2218	-5.8400606624916387e-014
	2219	-7.6651755282668502e-015
	2220	-7.1933976584039917e-015
	2221	-2.2615354651565221e-014
	2222	-6.4926192955086859e-014
	2223	-2.3486828775855857e-014
	2224	-7.4908563594801520e-015
	2225	-3.8094589356780386e-014
	2226	-2.6404093255428499e-014
	2227	-1.5100725824368098e-014
	2228	-1.4115011984308114e-014
	2229	-6.8543179817612417e-015
	2230	-3.5546433045576410e-014
	2231	1.5749485574614820e-013
	2232	2.2906834611926500e-014
	2233	-8.8456561242184883e-014
	2234	1.9368143563567794e-014
	2235	-4.0474609363759547e-014
	2236	1.7616594689662534e-013
	2237	7.7464779010056762e-014
	2238	-3.1485272214445242e-014
	2239	7.7415142032315545e-014
	2240	-5.9644374878735305e-014
	2241	1.3113707918602869e-013
	2242	4.6521962409512211e-014
	2243	-6.2314642175161754e-014
	2244	6.4161037289058639e-014
	2245	-5.4969970696388810e-014
	2246	1.1891717888618294e-013
	2247	3.7349535293132800e-014
	2248	-3.9327141453412559e-014
	2249	7.0459312551660915e-014
	2250	-5.1560787014692907e-014
	2251	1.0707634863558712e-013
	2252	4.1221233549190269e-014
	2253	-5.6850601377514736e-015
	2254	9.1812121226248367e-014
	2255	-5.1814282467221205e-014
	2256	8.4310671074098760e-014
	2257	3.1374152093794760e-014
	2258	2.1755906027463295e-015
	2259	8.3710716106849027e-014
	2260	-5.5167735582874237e-014
	2261	5.5280038875447312e-014
	2262	1.5795113634154290e-014
	2263	-9.7083299785305933e-016
	2264	6.7172836363017254e-014
	2265	-5.8947298368817058e-014
	2266	2.2489749690979361e-014
	2267	-2.9930529330269152e-015
	2268	-1.0788142661915410e-014
	2269	4.8848741586828611e-014
	2270	-4.7514313461851634e-014
	2271	-2.4807040459420825e-015
	2272	-2.5095733538197083e-014
	2273	-2.7015651879791417e-014
	2274	3.0519680444711979e-014
	2275	-3.7694989291010882e-014
	2276	4.2677814576681783e-015
	2277	-3.3772836776800552e-014
	2278	-5.1062163168654720e-014
	2279	1.2073831776256464e-014
	2280	8.9158181925801669e-015
	2281	-1.2295431717118688e-014
	2282	-6.3402901418664577e-014
	2283	-8.4716436441606684e-015
	2284	-4.1461532202180995e-015
	2285	-3.9018837606672957e-014
	2286	-1.6985270899868470e-014
	2287	-2.1928148180713411e-014
	2288	-6.8665832305957208e-015
	2289	-6.9194237928234042e-015
	2290	-2.9876937444775313e-014
	2291	1.5292161051447435e-013
	2292	2.3470839123152301e-014
	2293	-8.3495341886383623e-014
	2294	1.9680130361997023e-014
	2295	-3.3309769614780915e-014
	2296	1.7248494927126493e-013
	2297	7.7685266026263264e-014
	2298	-2.5831085620921931e-014
	2299	7.6387320913898129e-014
	2300	-5.0626474911237180e-014
	2301	1.3134152328527569e-013
	2302	5.0826628405424552e-014
	2303	-5.2247955438641405e-014
	2304	6.5250975568662949e-014
	2305	-4.6983626536578160e-014
	2306	1.1911392729178881e-013
	2307	4.2905473990582747e-014
	2308	-2.9983353678874325e-014
	2309	7.1948632371609785e-014
	2310	-4.5519755767076901e-014
	2311	1.0586154481457281e-013
	2312	4.5457905822600797e-014
	2313	-1.3053688075918999e-016
	2314	9.2009293555710223e-014
	2315	-4.8522974726009352e-014
	2316	8.1590937610173381e-014
	2317	3.4497533847046239e-014
	2318	4.4923766446743555e-015
	2319	8.3962894544147341e-014
	2320	-5.3072061787463949e-014
	2321	5.0246598521914213e-014
	2322	1.7092748274659775e-014
	2323	-1.8664141779582098e-015
	2324	6.8081642364323626e-014
	2325	-4.2582788239208308e-014
	2326	2.3598436709335275e-014
	2327	-5.8912233967490787e-015
	2328	-1.6174956420974088e-014
	2329	5.0466194092411889e-014
	2330	-3.4828232962566541e-014
	2331	2.7690410970187645e-014
	2332	-1.7817324152137041e-014
	2333	-4.1016948938180188e-014
	2334	3.1477540982730045e-014
	2335	2.5497364602425267e-014
	2336	2.3312722686277710e-016
	2337	-5.7383882514384376e-014
	2338	7.7009860695735123e-015
	2339	9.4478118464215704e-016
	2340	-3.5438789047807970e-014
	2341	-5.0239494512046103e-015
	2342	-2.6144587771378199e-014
	2343	2.4653259212794915e-015
	2344	-4.5139887125080673e-015
	2345	-2.3966462664546263e-014
	2346	1.4711725286891027e-013
	2347	2.3845909547361242e-014
	2348	-7.7861829939247784e-014
	2349	1.9834199725871950e-014
	2350	-2.5881534790323028e-014
	2351	1.6741307134911662e-013
	2352	7.7279982453111963e-014
	2353	-1.9968025349187542e-014
	2354	7.4745322981690197e-014
	2355	-4.1244038886788957e-014
	2356	1.3047135403238285e-013
	2357	5.4719366891322949e-014
	2358	-4.1759585344929206e-014
	2359	6.5816384460515298e-014
	2360	-3.8890742193513983e-014
	2361	1.1822142670496794e-013
	2362	4.8089836081123027e-014
	2363	-2.0401326751455375e-014
	2364	7.2858507963770303e-014
	2365	-4.0176173099942681e-014
	2366	1.0302025754470509e-013
	2367	4.9117828784214322e-014
	2368	5.3892809073862811e-015
	2369	9.1460587730061256e-014
	2370	-4.4945812098645854e-014
	2371	7.5583599648207543e-014
	2372	3.6019053449028287e-014
	2373	6.4775994159691759e-015
	2374	8.3498088390715096e-014
	2375	-3.5794344573057710e-014
	2376	4.8627500688107305e-014
	2377	1.3534594530788930e-014
	2378	-4.6920530243625093e-015
	2379	6.8112464516845671e-014
	2380	-3.0426928219405265e-014
	2381	4.9955540214175872e-014
	2382	-1.0002395052185089e-015
	2383	-2.9105850438096439e-014
	2384	4.9528112567805599e-014
	2385	4.1113114516690358e-014
	2386	1.3081487510208393e-014
	2387	-4.8503341434532815e-014
	2388	2.3691929916039165e-014
	2389	6.4522870282367889e-015
	2390	-2.9513207335135882e-014
	2391	7.6162547168817044e-015
	2392	-2.8525511835782364e-014
	2393	1.2324338752852049e-014
	2394	-1.4546793487797216e-015
	2395	-1.7866273679955930e-014
	2396	1.4012649556115913e-013
	2397	2.4028517145295060e-014
	2398	-7.1601108729394975e-014
	2399	1.9828917628412872e-014
	2400	-1.8283234784096037e-014
	2401	1.6097840874918829e-013
	2402	7.6249534790396393e-014
	2403	-1.3943828506282310e-014
	2404	7.2501603855181125e-014
	2405	-3.1794102903578007e-014
	2406	1.2843123344036368e-013
	2407	5.8148741339732595e-014
	2408	-3.0936870046074905e-014
	2409	6.5851637548263548e-014
	2410	-3.1628135126719992e-014
	2411	1.1560615028591805e-013
	2412	5.2688589883443582e-014
	2413	-1.0686062198891668e-014
	2414	7.3177492101376800e-014
	2415	-3.5228888071399154e-014
	2416	9.6429796641450694e-014
	2417	5.1044409070694102e-014
	2418	1.0580976724138956e-014
	2419	9.0136810335257871e-014
	2420	-2.7499234325502780e-014
	2421	7.1339107338735881e-014
	2422	3.2009644027851430e-014
	2423	6.4157929989023374e-015
	2424	8.2031712575724976e-014
	2425	-2.4700545462350097e-014
	2426	7.0022069222421769e-014
	2427	1.5830656096591896e-014
	2428	-1.5977361219892905e-014
	2429	6.5332082573252574e-014
	2430	5.4952276351560598e-014
	2431	2.5407888581948456e-014
	2432	-3.7449036482347263e-014
	2433	3.8665056447301609e-014
	2434	1.1770703989543449e-014
	2435	-2.2130926757941786e-014
	2436	2.0013867987129898e-014
	2437	-2.9475535730851552e-014
	2438	2.1796461821288357e-014
	2439	1.7741683180227822e-015
	2440	-1.1652276501539563e-014
	2441	1.3199763344525807e-013
	2442	2.4015948023390753e-014
	2443	-6.4763399687300851e-014
	2444	1.9664148544348229e-014
	2445	-1.0780936794318883e-014
	2446	1.5314652593186561e-013
	2447	7.4586523685000377e-014
	2448	-7.8091180727695641e-015
	2449	6.9673377784957961e-014
	2450	-2.3256508392825658e-014
	2451	1.2462822213067338e-013
	2452	6.0933275679834266e-014
	2453	-1.9890634308389142e-014
	2454	6.5353105719245189e-014
	2455	-2.5409109246801586e-014
	2456	1.0898571682132999e-013
	2457	5.5572345866677897e-014
	2458	-1.1457465901608463e-015
	2459	7.2872918958818414e-014
	2460	-1.8323857705783121e-014
	2461	8.9889697071289139e-014
	2462	4.7027804284120562e-014
	2463	1.3730665765821363e-014
	2464	8.7773090145287151e-014
	2465	-1.7938982141115292e-014
	2466	8.6874015447872563e-014
	2467	3.1668378149088281e-014
	2468	-2.6463826553305806e-015
	2469	7.7627425641314655e-014
	2470	6.6378771138811844e-014
	2471	3.6599438639163173e-014
	2472	-2.4802881906294335e-014
	2473	5.1879423989796840e-014
	2474	1.6588165337053182e-014
	2475	-1.3756651368533215e-014
	2476	3.1545526811691991e-014
	2477	-2.9098937682722238e-014
	2478	3.0344877712756628e-014
	2479	4.9449283711267174e-015
	2480	-5.5444981017418321e-015
	2481	1.2273938926649791e-013
	2482	2.3799371439656722e-014
	2483	-5.7404460027267847e-014
	2484	1.9340919924643041e-014
	2485	-4.3158579410645696e-015
	2486	1.4344773730757071e-013
	2487	7.2180055353560741e-014
	2488	-1.6312356162832945e-015
	2489	6.6280943492085182e-014
	2490	-1.6328875701199247e-014
	2491	1.1675509561331747e-013
	2492	6.2048443622303282e-014
	2493	-8.9091248394103894e-015
	2494	6.4299510658792245e-014
	2495	-9.6334585098332407e-015
	2496	1.0076383857894072e-013
	2497	5.2438923844687165e-014
	2498	6.5735243746028633e-015
	2499	7.1697016575946685e-014
	2500	-1.0646600847769873e-014
	2501	9.9065874336296654e-014
	2502	4.4360757786106742e-014
	2503	7.7640543307809759e-015
	2504	8.2510732789045096e-014
	2505	7.4805121390183983e-014
	2506	4.5957858183853154e-014
	2507	-1.1477951596121617e-014
	2508	6.2275710296268833e-014
	2509	2.0664628286261224e-014
	2510	-4.8159129415351257e-015
	2511	4.1643027487036391e-014
	2512	-2.7445950345056629e-014
	2513	3.7567363647239635e-014
	2514	7.9024510561329347e-015
	2515	-3.6060945421694142e-016
	2516	1.1205337449338463e-013
	2517	2.3304104075617081e-014
	2518	-4.9593041719558700e-014
	2519	1.8860711959372634e-014
	2520	5.9102591095277398e-017
	2521	1.2978169274005283e-013
	2522	6.8211664987179651e-014
	2523	4.3852852849820218e-015
	2524	6.2332811963616798e-014
	2525	-2.5490224155013804e-015
	2526	1.0581910788309326e-013
	2527	5.7350427591871188e-014
	2528	5.3119027334188676e-016
	2529	6.2486532773433929e-014
	2530	-3.9407553538054569e-015
	2531	1.0366258485616430e-013
	2532	4.8393413943834580e-014
	2533	5.5863433968422081e-015
	2534	6.7935945074099361e-014
	2535	7.9377430015176403e-014
	2536	5.1902739654661823e-014
	2537	-1.7251186971263511e-016
	2538	6.6539283458800060e-014
	2539	2.3696896123148476e-014
	2540	4.0327796682401390e-015
	2541	4.9478782163050897e-014
	2542	-2.4613473016471196e-014
	2543	4.3107459996687272e-014
	2544	1.0512701667709677e-014
	2545	2.7614718271665260e-015
	2546	9.8384376283661861e-014
	2547	2.1985214484435828e-014
	2548	-4.1481535308746879e-014
	2549	1.8217400600328360e-014
	2550	8.6160303878671667e-015
	2551	1.1208776995422343e-013
	2552	5.9064091364316367e-014
	2553	9.0833268494233835e-015
	2554	5.7699338454228434e-014
	2555	1.0791216688678731e-015
	2556	1.0138246988253176e-013
	2557	4.9730637879788161e-014
	2558	2.1116535569879915e-015
	2559	5.8444037115960206e-014
	2560	7.8124067739827690e-014
	2561	4.9965595029067068e-014
	2562	6.8896341986720260e-016
	2563	5.4313826961633564e-014
	2564	2.4797702470740770e-014
	2565	1.0778120735473915e-014
	2566	5.2389649108652045e-014
	2567	-2.0876220504617137e-014
	2568	4.6442402987056350e-014
	2569	1.2641984525462325e-014
	2570	8.4147774519720405e-015
	2571	8.1328878305653011e-014
	2572	1.7284615096285218e-014
	2573	-3.3811708722566655e-014
	2574	1.7325671842029818e-014
	2575	8.5096387893174178e-015
	2576	9.7167847396355318e-014
	2577	4.5903066428291848e-014
	2578	7.2532099864727143e-015
	2579	5.1270519744344746e-014
	2580	7.1349423688788437e-014
	2581	4.3699821179955480e-014
	2582	-1.6531470699288631e-015
	2583	4.5814912456461332e-014
	2584	2.0992814166290218e-014
	2585	8.7925421054707199e-015
	2586	4.1877696429825978e-014
	2587	-1.7368083628731788e-014
	2588	4.5708873142948395e-014
	2589	1.4044540643041569e-014
	2590	8.9037328323678610e-015
	2591	6.5955101034583885e-014
	2592	9.4465728489779742e-015
	2593	-2.9974281859205566e-014
	2594	1.5527272664243169e-014
	2595	6.3117637011279729e-014
	2596	3.1952647952235427e-014
	2597	-7.7086605057091102e-017
	2598	3.8099887768699146e-014
	2599	1.4101155266444862e-014
	2600	2.3421501188375152e-015
	2601	3.3921637081977792e-014
	2602	-1.8254290791005416e-014
	2603	3.4659463765408490e-014
	2604	1.3691789748751016e-014
	2605	3.9734161448642388e-014
	2606	1.9062837525751796e-015
	2607	-2.9508726081615001e-014
	2608	9.9035941343502418e-015
	2609	5.7302994374032728e-015
	2610	-2.9020872978469157e-015
	2611	2.6093354560047049e-014
	2612	-2.1342286196041949e-014
	2613	2.5712233885374989e-014
	2614	8.0059686466827772e-015
	2615	-9.0538748221037245e-015
	2616	-2.2689724926831291e-014
	2617	6.6964650275900487e-015
	2618	-1.9039981294582205e-014
	2619	1.7028072851121769e-014
	2620	5.5323203090591570e-015
	2621	-1.7790601715211922e-014
	2622	7.3129185600636650e-015
	2623	5.9990020051948600e-015
	2624	6.3046384387998461e-015
